1 2
1 3
1 4
1 5
1 6
1 7
1 8
1 9
1 10
1 11
1 12
1 13
1 14
1 15
1 16
1 17
1 18
1 19
1 20
2 1
2 3
2 4
2 5
2 6
2 7
2 8
2 8
2 9
2 10
2 11
2 12
2 13
2 14
2 15
2 16
2 17
2 18
2 18
2 19
2 20
2 28
2 28
2 48
2 50
2 57
2 62
2 72
2 89
2 93
2 117
2 133
2 135
2 152
2 165
2 209
2 210
2 211
2 212
2 213
2 214
2 215
2 216
2 217
2 228
2 246
2 257
2 258
2 259
2 260
2 261
2 262
2 263
3 1
3 2
3 4
3 5
3 6
3 7
3 8
3 9
3 10
3 10
3 11
3 11
3 12
3 13
3 14
3 15
3 16
3 17
3 18
3 19
3 20
3 38
3 47
3 48
3 72
3 104
3 127
3 143
3 146
3 170
3 171
3 172
3 173
3 174
3 175
3 176
3 177
4 1
4 2
4 3
4 5
4 6
4 7
4 8
4 9
4 10
4 11
4 12
4 12
4 13
4 14
4 15
4 16
4 17
4 18
4 18
4 19
4 19
4 20
4 22
4 29
4 38
4 43
4 45
4 52
4 63
4 64
4 66
4 82
4 83
4 101
4 102
4 109
4 113
4 122
4 133
4 137
4 168
4 173
4 192
4 197
4 202
4 226
4 246
4 249
4 250
4 251
4 252
4 273
4 282
4 283
4 284
5 1
5 2
5 3
5 4
5 6
5 7
5 8
5 9
5 10
5 11
5 12
5 13
5 14
5 15
5 16
5 16
5 17
5 18
5 19
5 20
5 25
5 30
5 46
5 54
5 90
5 92
5 108
5 120
5 120
5 121
5 122
5 128
5 135
5 142
5 148
5 156
5 157
5 166
5 169
5 189
5 190
5 194
5 195
5 196
5 197
5 198
5 199
5 200
5 208
5 226
5 227
5 245
5 279
5 280
5 281
5 282
6 1
6 2
6 3
6 4
6 5
6 7
6 8
6 9
6 10
6 11
6 12
6 13
6 14
6 15
6 16
6 17
6 18
6 19
6 20
6 22
6 59
6 69
6 94
6 100
6 101
6 102
6 103
6 104
6 105
6 106
6 107
6 108
6 109
6 110
6 111
6 112
6 113
6 130
6 149
6 168
6 184
6 193
6 210
6 225
6 226
6 227
6 228
6 229
6 230
6 231
7 1
7 2
7 3
7 4
7 5
7 6
7 8
7 9
7 10
7 11
7 12
7 13
7 14
7 15
7 15
7 16
7 17
7 18
7 19
7 20
7 56
7 65
7 85
7 86
7 114
7 115
7 116
7 117
7 118
7 119
7 120
7 121
7 122
7 123
7 124
8 1
8 2
8 2
8 3
8 4
8 5
8 6
8 7
8 9
8 9
8 10
8 11
8 11
8 12
8 13
8 14
8 15
8 15
8 16
8 16
8 17
8 18
8 18
8 19
8 20
8 23
8 27
8 28
8 31
8 34
8 35
8 51
8 57
8 63
8 70
8 71
8 73
8 74
8 75
8 76
8 77
8 78
8 78
8 79
8 80
8 81
8 82
8 83
8 84
8 85
8 86
8 87
8 89
8 92
8 93
8 116
8 117
8 124
8 126
8 128
8 129
8 131
8 135
8 142
8 148
8 152
8 154
8 162
8 163
8 163
8 164
8 165
8 165
8 166
8 167
8 168
8 169
8 172
8 175
8 200
8 204
8 205
8 228
8 234
8 240
8 246
8 251
8 256
8 257
8 258
8 259
8 259
8 260
8 261
8 262
8 263
8 266
8 268
8 269
8 270
8 271
8 272
8 273
9 1
9 2
9 3
9 4
9 5
9 6
9 7
9 8
9 8
9 10
9 11
9 12
9 13
9 14
9 15
9 16
9 17
9 18
9 19
9 20
9 23
9 71
9 78
9 89
9 126
9 128
9 129
9 163
9 172
9 175
9 204
9 251
9 256
9 268
9 269
9 270
9 271
10 1
10 2
10 3
10 3
10 4
10 5
10 6
10 7
10 8
10 9
10 11
10 11
10 12
10 12
10 12
10 13
10 14
10 15
10 15
10 16
10 17
10 18
10 19
10 19
10 20
10 23
10 38
10 38
10 46
10 47
10 48
10 52
10 59
10 68
10 72
10 79
10 83
10 84
10 86
10 86
10 104
10 118
10 121
10 127
10 128
10 129
10 137
10 143
10 144
10 146
10 146
10 170
10 171
10 171
10 171
10 172
10 173
10 174
10 175
10 175
10 176
10 177
10 215
10 220
10 223
10 230
10 239
10 240
10 241
10 274
10 275
10 276
11 1
11 2
11 3
11 3
11 4
11 5
11 6
11 7
11 8
11 8
11 9
11 10
11 10
11 12
11 13
11 14
11 15
11 16
11 17
11 18
11 18
11 19
11 20
11 21
11 22
11 23
11 24
11 25
11 26
11 27
11 27
11 28
11 29
11 30
11 31
11 32
11 33
11 34
11 34
11 35
11 36
11 37
11 38
11 38
11 47
11 48
11 51
11 63
11 70
11 72
11 75
11 92
11 94
11 95
11 97
11 104
11 105
11 116
11 123
11 127
11 143
11 146
11 151
11 160
11 162
11 163
11 164
11 165
11 165
11 166
11 167
11 168
11 169
11 170
11 171
11 172
11 173
11 174
11 175
11 176
11 177
11 180
11 186
11 207
11 214
11 245
11 264
11 265
11 266
11 267
12 1
12 2
12 3
12 4
12 4
12 5
12 6
12 7
12 8
12 9
12 10
12 10
12 10
12 11
12 13
12 14
12 15
12 15
12 16
12 17
12 18
12 19
12 19
12 20
12 23
12 29
12 38
12 43
12 45
12 46
12 52
12 59
12 63
12 64
12 66
12 68
12 79
12 82
12 83
12 83
12 84
12 86
12 86
12 109
12 118
12 121
12 128
12 129
12 133
12 137
12 144
12 146
12 171
12 171
12 175
12 192
12 197
12 215
12 220
12 223
12 230
12 239
12 240
12 241
12 249
12 250
12 251
12 252
12 274
12 275
12 276
13 1
13 2
13 3
13 4
13 5
13 6
13 7
13 8
13 9
13 10
13 11
13 12
13 14
13 15
13 15
13 16
13 16
13 17
13 17
13 17
13 18
13 19
13 20
13 31
13 35
13 39
13 40
13 40
13 41
13 42
13 43
13 44
13 45
13 46
13 47
13 48
13 49
13 50
13 51
13 51
13 52
13 53
13 54
13 55
13 56
13 57
13 70
13 85
13 99
13 141
13 143
13 144
13 147
13 149
13 150
13 151
13 161
13 169
13 180
13 190
13 191
13 199
13 201
13 202
13 203
13 204
13 205
13 206
13 207
13 207
13 208
13 252
13 253
13 254
13 255
13 256
14 1
14 2
14 3
14 4
14 5
14 6
14 7
14 8
14 9
14 10
14 11
14 12
14 13
14 15
14 16
14 17
14 18
14 19
14 20
15 1
15 2
15 3
15 4
15 5
15 6
15 7
15 7
15 8
15 8
15 9
15 10
15 10
15 11
15 12
15 12
15 13
15 13
15 14
15 16
15 16
15 16
15 17
15 18
15 19
15 19
15 20
15 23
15 31
15 31
15 40
15 46
15 51
15 56
15 65
15 70
15 74
15 75
15 76
15 77
15 78
15 79
15 79
15 80
15 81
15 82
15 83
15 83
15 84
15 85
15 85
15 86
15 86
15 86
15 87
15 114
15 115
15 116
15 117
15 118
15 119
15 120
15 121
15 122
15 123
15 124
15 128
15 129
15 141
15 143
15 144
15 146
15 147
15 150
15 161
15 171
15 180
15 190
15 207
15 215
15 220
15 230
15 252
15 253
15 254
15 255
15 256
15 274
15 275
15 276
16 1
16 2
16 3
16 4
16 5
16 5
16 6
16 7
16 8
16 8
16 9
16 10
16 11
16 12
16 13
16 13
16 14
16 15
16 15
16 15
16 17
16 18
16 19
16 20
16 31
16 31
16 36
16 40
16 46
16 51
16 57
16 62
16 70
16 74
16 75
16 76
16 77
16 78
16 79
16 80
16 80
16 81
16 82
16 83
16 84
16 85
16 86
16 87
16 90
16 92
16 120
16 121
16 122
16 128
16 133
16 141
16 142
16 143
16 147
16 150
16 156
16 156
16 158
16 159
16 161
16 164
16 166
16 180
16 189
16 190
16 197
16 200
16 207
16 208
16 226
16 227
16 229
16 234
16 240
16 245
16 252
16 253
16 254
16 255
16 255
16 256
16 261
16 277
16 278
16 279
16 280
16 281
16 282
17 1
17 2
17 3
17 4
17 5
17 6
17 7
17 8
17 9
17 10
17 11
17 12
17 13
17 13
17 13
17 14
17 15
17 16
17 18
17 19
17 20
17 35
17 39
17 40
17 41
17 42
17 43
17 44
17 45
17 46
17 47
17 48
17 49
17 50
17 51
17 52
17 53
17 54
17 55
17 56
17 57
17 85
17 99
17 144
17 149
17 151
17 169
17 191
17 199
17 201
17 202
17 203
17 204
17 205
17 206
17 207
17 208
18 1
18 2
18 2
18 3
18 4
18 4
18 5
18 6
18 7
18 8
18 8
18 9
18 10
18 11
18 11
18 12
18 13
18 14
18 15
18 16
18 17
18 19
18 19
18 20
18 21
18 22
18 22
18 23
18 24
18 25
18 26
18 27
18 28
18 28
18 29
18 30
18 31
18 32
18 33
18 34
18 35
18 36
18 37
18 38
18 38
18 52
18 57
18 93
18 101
18 102
18 113
18 117
18 122
18 137
18 152
18 165
18 168
18 173
18 202
18 226
18 228
18 246
18 246
18 257
18 258
18 259
18 260
18 261
18 262
18 263
18 273
18 282
18 283
18 284
19 1
19 2
19 3
19 4
19 4
19 5
19 6
19 7
19 8
19 9
19 10
19 10
19 11
19 12
19 12
19 13
19 14
19 15
19 15
19 16
19 17
19 18
19 18
19 20
19 22
19 23
19 38
19 46
19 52
19 79
19 83
19 86
19 101
19 102
19 113
19 122
19 128
19 129
19 137
19 144
19 146
19 168
19 171
19 173
19 202
19 215
19 220
19 226
19 230
19 246
19 273
19 274
19 275
19 276
19 282
19 283
19 284
20 1
20 2
20 3
20 4
20 5
20 6
20 7
20 8
20 9
20 10
20 11
20 12
20 13
20 14
20 15
20 16
20 17
20 18
20 19
21 11
21 18
21 22
21 23
21 24
21 25
21 26
21 27
21 28
21 29
21 30
21 31
21 32
21 33
21 34
21 35
21 36
21 37
21 38
22 4
22 6
22 11
22 18
22 18
22 19
22 21
22 23
22 24
22 25
22 26
22 27
22 28
22 29
22 30
22 31
22 32
22 33
22 34
22 35
22 36
22 37
22 38
22 38
22 52
22 59
22 94
22 101
22 102
22 113
22 122
22 130
22 137
22 149
22 168
22 168
22 173
22 184
22 193
22 202
22 210
22 225
22 226
22 226
22 227
22 228
22 229
22 230
22 231
22 246
22 273
22 282
22 283
22 284
23 8
23 9
23 10
23 11
23 12
23 15
23 18
23 19
23 21
23 22
23 24
23 25
23 26
23 27
23 28
23 29
23 30
23 31
23 32
23 33
23 34
23 35
23 36
23 37
23 38
23 46
23 71
23 78
23 79
23 83
23 86
23 89
23 126
23 128
23 128
23 129
23 129
23 144
23 146
23 163
23 171
23 172
23 175
23 204
23 215
23 220
23 230
23 251
23 256
23 268
23 269
23 270
23 271
23 274
23 275
23 276
24 11
24 18
24 21
24 22
24 23
24 25
24 26
24 27
24 28
24 29
24 30
24 31
24 32
24 33
24 34
24 34
24 35
24 36
24 37
24 38
24 42
24 54
24 55
24 71
24 72
24 113
24 121
24 122
24 130
24 152
24 164
24 169
24 178
24 179
24 180
24 181
24 182
24 183
24 184
24 185
24 186
24 187
24 206
24 208
24 213
24 214
24 227
24 230
24 242
24 243
24 244
24 245
24 246
24 247
24 248
25 5
25 11
25 18
25 21
25 22
25 23
25 24
25 26
25 27
25 28
25 29
25 30
25 30
25 31
25 32
25 33
25 34
25 35
25 36
25 37
25 38
25 54
25 108
25 120
25 121
25 135
25 148
25 157
25 169
25 190
25 194
25 195
25 196
25 197
25 198
25 199
25 200
26 11
26 18
26 21
26 22
26 23
26 24
26 25
26 27
26 28
26 29
26 30
26 31
26 32
26 33
26 34
26 35
26 36
26 36
26 37
26 38
26 48
26 65
26 70
26 81
26 88
26 89
26 90
26 91
26 92
26 93
26 94
26 95
26 96
26 97
26 98
26 99
27 8
27 11
27 11
27 18
27 21
27 22
27 23
27 24
27 25
27 26
27 28
27 28
27 29
27 30
27 30
27 31
27 31
27 32
27 32
27 33
27 34
27 34
27 35
27 36
27 37
27 38
27 42
27 42
27 44
27 47
27 51
27 58
27 59
27 60
27 61
27 62
27 63
27 63
27 64
27 65
27 66
27 67
27 67
27 68
27 69
27 70
27 70
27 71
27 72
27 73
27 80
27 81
27 84
27 84
27 92
27 108
27 109
27 115
27 116
27 119
27 131
27 138
27 144
27 146
27 148
27 162
27 163
27 163
27 163
27 164
27 165
27 166
27 167
27 168
27 169
27 175
27 188
27 189
27 190
27 191
27 192
27 193
27 205
27 212
27 218
27 219
27 220
27 221
27 222
27 223
27 224
28 2
28 2
28 8
28 11
28 18
28 18
28 21
28 22
28 23
28 24
28 25
28 26
28 27
28 27
28 29
28 30
28 30
28 31
28 32
28 33
28 34
28 35
28 36
28 37
28 38
28 42
28 47
28 48
28 50
28 57
28 58
28 59
28 60
28 61
28 62
28 62
28 63
28 64
28 65
28 66
28 67
28 68
28 69
28 70
28 71
28 72
28 72
28 73
28 89
28 93
28 117
28 133
28 135
28 152
28 165
28 209
28 210
28 211
28 212
28 213
28 214
28 215
28 216
28 217
28 228
28 246
28 257
28 258
28 259
28 260
28 261
28 262
28 263
29 4
29 11
29 12
29 18
29 21
29 22
29 23
29 24
29 25
29 26
29 27
29 28
29 30
29 31
29 32
29 33
29 34
29 35
29 36
29 37
29 38
29 43
29 45
29 63
29 64
29 66
29 82
29 83
29 109
29 133
29 192
29 197
29 249
29 250
29 251
29 252
30 5
30 11
30 18
30 21
30 22
30 23
30 24
30 25
30 25
30 26
30 27
30 27
30 28
30 28
30 29
30 31
30 32
30 33
30 34
30 35
30 36
30 37
30 38
30 42
30 47
30 54
30 58
30 59
30 60
30 61
30 62
30 63
30 64
30 65
30 66
30 67
30 68
30 69
30 70
30 71
30 72
30 73
30 108
30 120
30 121
30 135
30 148
30 157
30 169
30 190
30 194
30 195
30 196
30 197
30 198
30 199
30 200
31 8
31 11
31 13
31 15
31 15
31 16
31 16
31 18
31 21
31 22
31 23
31 24
31 25
31 26
31 27
31 27
31 28
31 29
31 30
31 32
31 33
31 34
31 35
31 36
31 37
31 37
31 38
31 40
31 42
31 44
31 51
31 51
31 53
31 70
31 73
31 74
31 75
31 76
31 77
31 78
31 79
31 80
31 80
31 81
31 81
31 82
31 83
31 84
31 84
31 85
31 86
31 87
31 109
31 119
31 128
31 139
31 140
31 141
31 141
31 142
31 143
31 143
31 144
31 144
31 145
31 146
31 147
31 147
31 148
31 148
31 149
31 150
31 150
31 151
31 152
31 161
31 163
31 180
31 188
31 189
31 190
31 190
31 191
31 192
31 193
31 207
31 252
31 253
31 254
31 255
31 256
32 11
32 18
32 21
32 22
32 23
32 24
32 25
32 26
32 27
32 27
32 28
32 29
32 30
32 31
32 33
32 34
32 35
32 36
32 37
32 38
32 67
32 84
32 108
32 115
32 131
32 138
32 146
32 163
32 175
32 205
32 212
32 218
32 219
32 220
32 221
32 222
32 223
32 224
33 11
33 18
33 21
33 22
33 23
33 24
33 25
33 26
33 27
33 28
33 29
33 30
33 31
33 32
33 34
33 35
33 36
33 37
33 38
33 79
33 87
33 91
33 122
33 125
33 126
33 127
33 128
33 129
33 130
33 131
33 132
33 133
33 134
33 135
33 136
33 137
33 138
34 8
34 11
34 11
34 18
34 21
34 22
34 23
34 24
34 24
34 25
34 26
34 27
34 27
34 28
34 29
34 30
34 31
34 32
34 33
34 35
34 36
34 37
34 38
34 41
34 46
34 51
34 55
34 63
34 67
34 70
34 72
34 72
34 92
34 116
34 122
34 128
34 130
34 133
34 158
34 161
34 162
34 163
34 164
34 164
34 165
34 166
34 167
34 168
34 169
34 173
34 192
34 206
34 208
34 213
34 214
34 227
34 230
34 242
34 243
34 243
34 244
34 245
34 246
34 247
34 248
34 266
34 287
34 291
34 292
34 293
34 294
35 8
35 11
35 13
35 17
35 18
35 21
35 22
35 23
35 24
35 25
35 26
35 27
35 28
35 29
35 30
35 31
35 32
35 33
35 34
35 36
35 37
35 38
35 73
35 85
35 99
35 124
35 131
35 135
35 142
35 144
35 148
35 149
35 151
35 154
35 169
35 191
35 199
35 200
35 201
35 202
35 203
35 204
35 205
35 205
35 206
35 207
35 208
35 234
35 240
35 259
35 266
35 272
35 273
36 11
36 16
36 18
36 21
36 22
36 23
36 24
36 25
36 26
36 26
36 27
36 28
36 29
36 30
36 31
36 32
36 33
36 34
36 35
36 37
36 38
36 48
36 57
36 62
36 65
36 70
36 80
36 81
36 88
36 89
36 90
36 91
36 92
36 93
36 94
36 95
36 96
36 97
36 98
36 99
36 121
36 133
36 156
36 158
36 159
36 164
36 197
36 200
36 229
36 234
36 240
36 255
36 261
36 277
36 278
37 11
37 18
37 21
37 22
37 23
37 24
37 25
37 26
37 27
37 28
37 29
37 30
37 31
37 31
37 32
37 33
37 34
37 35
37 36
37 38
37 51
37 53
37 73
37 128
37 139
37 140
37 141
37 142
37 143
37 144
37 145
37 146
37 147
37 148
37 149
37 150
37 151
37 152
38 3
38 4
38 10
38 10
38 11
38 11
38 12
38 18
38 18
38 19
38 21
38 22
38 22
38 23
38 24
38 25
38 26
38 27
38 28
38 29
38 30
38 31
38 32
38 33
38 34
38 35
38 36
38 37
38 47
38 48
38 52
38 52
38 59
38 68
38 72
38 84
38 86
38 101
38 102
38 104
38 113
38 118
38 121
38 122
38 127
38 137
38 137
38 143
38 146
38 168
38 170
38 171
38 171
38 172
38 173
38 173
38 174
38 175
38 175
38 176
38 177
38 202
38 223
38 226
38 239
38 240
38 241
38 246
38 273
38 282
38 283
38 284
39 13
39 17
39 40
39 41
39 42
39 43
39 44
39 45
39 46
39 47
39 48
39 49
39 50
39 51
39 52
39 53
39 54
39 55
39 56
39 57
40 13
40 13
40 15
40 16
40 17
40 31
40 39
40 41
40 42
40 43
40 44
40 45
40 46
40 47
40 48
40 49
40 50
40 51
40 51
40 52
40 53
40 54
40 55
40 56
40 57
40 70
40 141
40 143
40 147
40 150
40 161
40 180
40 190
40 207
40 252
40 253
40 254
40 255
40 256
41 13
41 17
41 34
41 39
41 40
41 42
41 43
41 44
41 45
41 46
41 46
41 47
41 48
41 49
41 50
41 51
41 52
41 53
41 54
41 55
41 56
41 57
41 57
41 67
41 72
41 113
41 119
41 123
41 124
41 128
41 130
41 133
41 136
41 158
41 161
41 173
41 192
41 206
41 211
41 215
41 216
41 243
41 244
41 250
41 258
41 259
41 266
41 266
41 287
41 288
41 289
41 290
41 291
41 292
41 293
41 294
42 13
42 17
42 24
42 27
42 27
42 28
42 30
42 31
42 39
42 40
42 41
42 43
42 44
42 44
42 45
42 46
42 47
42 47
42 48
42 49
42 50
42 51
42 52
42 53
42 54
42 54
42 55
42 56
42 57
42 58
42 59
42 60
42 61
42 62
42 63
42 64
42 65
42 66
42 67
42 68
42 69
42 70
42 71
42 71
42 72
42 73
42 80
42 81
42 84
42 109
42 113
42 119
42 121
42 144
42 148
42 152
42 163
42 169
42 178
42 179
42 180
42 181
42 182
42 183
42 184
42 185
42 186
42 187
42 188
42 189
42 190
42 191
42 192
42 193
43 4
43 12
43 13
43 17
43 29
43 39
43 40
43 41
43 42
43 44
43 45
43 45
43 46
43 47
43 48
43 49
43 50
43 51
43 52
43 53
43 54
43 55
43 56
43 57
43 63
43 64
43 66
43 82
43 83
43 109
43 133
43 192
43 197
43 249
43 250
43 251
43 252
44 13
44 17
44 27
44 31
44 39
44 40
44 41
44 42
44 42
44 43
44 45
44 46
44 47
44 48
44 49
44 50
44 51
44 52
44 53
44 54
44 55
44 56
44 57
44 80
44 81
44 84
44 109
44 119
44 144
44 148
44 163
44 188
44 189
44 190
44 191
44 192
44 193
45 4
45 12
45 13
45 17
45 29
45 39
45 40
45 41
45 42
45 43
45 43
45 44
45 46
45 47
45 48
45 49
45 50
45 51
45 52
45 53
45 54
45 55
45 56
45 57
45 63
45 64
45 66
45 82
45 83
45 109
45 133
45 192
45 197
45 249
45 250
45 251
45 252
46 5
46 10
46 12
46 13
46 15
46 16
46 17
46 19
46 23
46 34
46 39
46 40
46 41
46 41
46 42
46 43
46 44
46 45
46 47
46 48
46 49
46 50
46 51
46 52
46 53
46 54
46 55
46 56
46 57
46 61
46 67
46 70
46 72
46 72
46 79
46 79
46 83
46 86
46 90
46 90
46 91
46 92
46 98
46 106
46 120
46 122
46 128
46 128
46 128
46 129
46 133
46 142
46 144
46 146
46 146
46 153
46 154
46 155
46 156
46 156
46 157
46 158
46 158
46 159
46 160
46 161
46 161
46 166
46 171
46 173
46 189
46 192
46 208
46 215
46 220
46 226
46 227
46 230
46 243
46 245
46 266
46 274
46 275
46 276
46 279
46 280
46 281
46 282
46 287
46 291
46 292
46 293
46 294
47 3
47 10
47 11
47 13
47 17
47 27
47 28
47 30
47 38
47 39
47 40
47 41
47 42
47 42
47 43
47 44
47 45
47 46
47 48
47 48
47 49
47 50
47 51
47 52
47 53
47 54
47 55
47 56
47 57
47 58
47 59
47 60
47 61
47 62
47 63
47 64
47 65
47 66
47 67
47 68
47 69
47 70
47 71
47 72
47 72
47 73
47 104
47 127
47 143
47 146
47 170
47 171
47 172
47 173
47 174
47 175
47 176
47 177
48 2
48 3
48 10
48 11
48 13
48 17
48 26
48 28
48 36
48 38
48 39
48 40
48 41
48 42
48 43
48 44
48 45
48 46
48 47
48 47
48 49
48 50
48 50
48 51
48 52
48 53
48 54
48 55
48 56
48 57
48 62
48 65
48 70
48 72
48 72
48 81
48 88
48 89
48 89
48 90
48 91
48 92
48 93
48 94
48 95
48 96
48 97
48 98
48 99
48 104
48 127
48 133
48 135
48 143
48 146
48 170
48 171
48 172
48 173
48 174
48 175
48 176
48 177
48 209
48 210
48 211
48 212
48 213
48 214
48 215
48 216
48 217
49 13
49 17
49 39
49 40
49 41
49 42
49 43
49 44
49 45
49 46
49 47
49 48
49 50
49 51
49 52
49 53
49 54
49 55
49 56
49 57
50 2
50 13
50 17
50 28
50 39
50 40
50 41
50 42
50 43
50 44
50 45
50 46
50 47
50 48
50 48
50 49
50 51
50 52
50 53
50 54
50 55
50 56
50 57
50 62
50 72
50 89
50 133
50 135
50 209
50 210
50 211
50 212
50 213
50 214
50 215
50 216
50 217
51 8
51 11
51 13
51 13
51 15
51 16
51 17
51 27
51 31
51 31
51 34
51 37
51 39
51 40
51 40
51 41
51 42
51 43
51 44
51 45
51 46
51 47
51 48
51 49
51 50
51 52
51 53
51 53
51 54
51 55
51 56
51 57
51 60
51 63
51 63
51 70
51 70
51 70
51 73
51 92
51 116
51 126
51 128
51 128
51 139
51 140
51 140
51 141
51 141
51 142
51 143
51 143
51 144
51 145
51 146
51 147
51 147
51 148
51 149
51 150
51 150
51 150
51 151
51 152
51 157
51 161
51 162
51 163
51 164
51 165
51 166
51 167
51 168
51 169
51 180
51 181
51 182
51 183
51 185
51 190
51 207
51 232
51 233
51 234
51 235
51 236
51 237
51 238
51 252
51 253
51 254
51 255
51 256
52 4
52 10
52 12
52 13
52 17
52 18
52 19
52 22
52 38
52 38
52 39
52 40
52 41
52 42
52 43
52 44
52 45
52 46
52 47
52 48
52 49
52 50
52 51
52 53
52 54
52 55
52 56
52 57
52 59
52 68
52 84
52 86
52 101
52 102
52 113
52 118
52 121
52 122
52 137
52 137
52 168
52 171
52 173
52 175
52 202
52 223
52 226
52 239
52 240
52 241
52 246
52 273
52 282
52 283
52 284
53 13
53 17
53 31
53 37
53 39
53 40
53 41
53 42
53 43
53 44
53 45
53 46
53 47
53 48
53 49
53 50
53 51
53 51
53 52
53 54
53 55
53 56
53 57
53 73
53 128
53 139
53 140
53 141
53 142
53 143
53 144
53 145
53 146
53 147
53 148
53 149
53 150
53 151
53 152
54 5
54 13
54 17
54 24
54 25
54 30
54 39
54 40
54 41
54 42
54 42
54 43
54 44
54 45
54 46
54 47
54 48
54 49
54 50
54 51
54 52
54 53
54 55
54 56
54 57
54 65
54 71
54 77
54 103
54 107
54 108
54 113
54 113
54 115
54 120
54 121
54 121
54 135
54 141
54 148
54 152
54 157
54 160
54 169
54 169
54 178
54 179
54 180
54 181
54 182
54 183
54 184
54 185
54 186
54 187
54 190
54 194
54 195
54 196
54 196
54 197
54 198
54 199
54 200
54 229
54 250
54 252
54 255
54 263
54 285
54 286
54 287
55 13
55 17
55 24
55 34
55 39
55 40
55 41
55 42
55 43
55 44
55 45
55 46
55 47
55 48
55 49
55 50
55 51
55 52
55 53
55 54
55 56
55 57
55 72
55 122
55 130
55 164
55 206
55 208
55 213
55 214
55 227
55 230
55 242
55 243
55 244
55 245
55 246
55 247
55 248
56 7
56 13
56 15
56 17
56 39
56 40
56 41
56 42
56 43
56 44
56 45
56 46
56 47
56 48
56 49
56 50
56 51
56 52
56 53
56 54
56 55
56 57
56 65
56 85
56 86
56 114
56 115
56 116
56 117
56 118
56 119
56 120
56 121
56 122
56 123
56 124
57 2
57 8
57 13
57 16
57 17
57 18
57 28
57 36
57 39
57 40
57 41
57 41
57 42
57 43
57 44
57 45
57 46
57 47
57 48
57 49
57 50
57 51
57 52
57 53
57 54
57 55
57 56
57 62
57 80
57 93
57 113
57 117
57 119
57 121
57 123
57 124
57 130
57 133
57 136
57 152
57 156
57 158
57 159
57 164
57 165
57 197
57 200
57 206
57 211
57 215
57 216
57 228
57 229
57 234
57 240
57 244
57 246
57 250
57 255
57 257
57 258
57 258
57 259
57 259
57 260
57 261
57 261
57 262
57 263
57 266
57 277
57 278
57 288
57 289
57 290
58 27
58 28
58 30
58 42
58 47
58 59
58 60
58 61
58 62
58 63
58 64
58 65
58 66
58 67
58 68
58 69
58 70
58 71
58 72
58 73
59 6
59 10
59 12
59 22
59 27
59 28
59 30
59 38
59 42
59 47
59 52
59 58
59 60
59 61
59 62
59 63
59 64
59 65
59 66
59 67
59 68
59 68
59 69
59 70
59 71
59 72
59 73
59 84
59 86
59 94
59 118
59 121
59 130
59 137
59 149
59 168
59 171
59 175
59 184
59 193
59 210
59 223
59 225
59 226
59 227
59 228
59 229
59 230
59 231
59 239
59 240
59 241
60 27
60 28
60 30
60 42
60 47
60 51
60 58
60 59
60 61
60 62
60 63
60 63
60 64
60 65
60 66
60 67
60 68
60 69
60 70
60 70
60 71
60 72
60 73
60 126
60 128
60 140
60 150
60 157
60 181
60 182
60 183
60 185
60 232
60 233
60 234
60 235
60 236
60 237
60 238
61 27
61 28
61 30
61 42
61 46
61 47
61 58
61 59
61 60
61 62
61 63
61 64
61 65
61 66
61 67
61 68
61 69
61 70
61 70
61 71
61 72
61 72
61 73
61 79
61 90
61 91
61 98
61 106
61 146
61 153
61 154
61 155
61 156
61 157
61 158
61 159
61 160
61 161
62 2
62 16
62 27
62 28
62 28
62 30
62 36
62 42
62 47
62 48
62 50
62 57
62 58
62 59
62 60
62 61
62 63
62 64
62 65
62 66
62 67
62 68
62 69
62 70
62 71
62 72
62 72
62 73
62 80
62 89
62 121
62 133
62 133
62 135
62 156
62 158
62 159
62 164
62 197
62 200
62 209
62 210
62 211
62 212
62 213
62 214
62 215
62 216
62 217
62 229
62 234
62 240
62 255
62 261
62 277
62 278
63 4
63 8
63 11
63 12
63 27
63 27
63 28
63 29
63 30
63 34
63 42
63 43
63 45
63 47
63 51
63 51
63 58
63 59
63 60
63 60
63 61
63 62
63 64
63 64
63 65
63 66
63 66
63 67
63 68
63 69
63 70
63 70
63 70
63 71
63 72
63 73
63 82
63 83
63 92
63 109
63 116
63 126
63 128
63 133
63 140
63 150
63 157
63 162
63 163
63 164
63 165
63 166
63 167
63 168
63 169
63 181
63 182
63 183
63 185
63 192
63 197
63 232
63 233
63 234
63 235
63 236
63 237
63 238
63 249
63 250
63 251
63 252
64 4
64 12
64 27
64 28
64 29
64 30
64 42
64 43
64 45
64 47
64 58
64 59
64 60
64 61
64 62
64 63
64 63
64 65
64 66
64 66
64 67
64 68
64 69
64 70
64 71
64 72
64 73
64 82
64 83
64 109
64 133
64 192
64 197
64 249
64 250
64 251
64 252
65 7
65 15
65 26
65 27
65 28
65 30
65 36
65 42
65 47
65 48
65 54
65 56
65 58
65 59
65 60
65 61
65 62
65 63
65 64
65 66
65 67
65 68
65 69
65 70
65 70
65 71
65 72
65 73
65 77
65 81
65 85
65 86
65 88
65 89
65 90
65 91
65 92
65 93
65 94
65 95
65 96
65 97
65 98
65 99
65 103
65 107
65 113
65 114
65 115
65 115
65 116
65 117
65 118
65 119
65 120
65 121
65 122
65 123
65 124
65 141
65 160
65 196
65 229
65 250
65 252
65 255
65 263
65 285
65 286
65 287
66 4
66 12
66 27
66 28
66 29
66 30
66 42
66 43
66 45
66 47
66 58
66 59
66 60
66 61
66 62
66 63
66 63
66 64
66 64
66 65
66 67
66 68
66 69
66 70
66 71
66 72
66 73
66 82
66 83
66 109
66 133
66 192
66 197
66 249
66 250
66 251
66 252
67 27
67 27
67 28
67 30
67 32
67 34
67 41
67 42
67 46
67 47
67 58
67 59
67 60
67 61
67 62
67 63
67 64
67 65
67 66
67 68
67 69
67 70
67 71
67 72
67 72
67 73
67 84
67 108
67 115
67 128
67 131
67 133
67 138
67 146
67 158
67 161
67 163
67 173
67 175
67 192
67 205
67 212
67 218
67 219
67 220
67 221
67 222
67 223
67 224
67 243
67 266
67 287
67 291
67 292
67 293
67 294
68 10
68 12
68 27
68 28
68 30
68 38
68 42
68 47
68 52
68 58
68 59
68 59
68 60
68 61
68 62
68 63
68 64
68 65
68 66
68 67
68 69
68 70
68 71
68 72
68 73
68 84
68 86
68 118
68 121
68 137
68 171
68 175
68 223
68 239
68 240
68 241
69 6
69 27
69 28
69 30
69 42
69 47
69 58
69 59
69 60
69 61
69 62
69 63
69 64
69 65
69 66
69 67
69 68
69 70
69 71
69 72
69 73
69 100
69 101
69 102
69 103
69 104
69 105
69 106
69 107
69 108
69 109
69 110
69 111
69 112
69 113
70 8
70 11
70 13
70 15
70 16
70 26
70 27
70 27
70 28
70 30
70 31
70 34
70 36
70 40
70 42
70 46
70 47
70 48
70 51
70 51
70 51
70 58
70 59
70 60
70 60
70 61
70 61
70 62
70 63
70 63
70 63
70 64
70 65
70 65
70 66
70 67
70 68
70 69
70 71
70 72
70 72
70 73
70 79
70 81
70 88
70 89
70 90
70 90
70 91
70 91
70 92
70 92
70 93
70 94
70 95
70 96
70 97
70 98
70 98
70 99
70 106
70 116
70 126
70 128
70 140
70 141
70 143
70 146
70 147
70 150
70 150
70 153
70 154
70 155
70 156
70 157
70 157
70 158
70 159
70 160
70 161
70 161
70 162
70 163
70 164
70 165
70 166
70 167
70 168
70 169
70 180
70 181
70 182
70 183
70 185
70 190
70 207
70 232
70 233
70 234
70 235
70 236
70 237
70 238
70 252
70 253
70 254
70 255
70 256
71 8
71 9
71 23
71 24
71 27
71 28
71 30
71 42
71 42
71 47
71 54
71 58
71 59
71 60
71 61
71 62
71 63
71 64
71 65
71 66
71 67
71 68
71 69
71 70
71 72
71 73
71 78
71 89
71 113
71 121
71 126
71 128
71 129
71 152
71 163
71 169
71 172
71 175
71 178
71 179
71 180
71 181
71 182
71 183
71 184
71 185
71 186
71 187
71 204
71 251
71 256
71 268
71 269
71 270
71 271
72 2
72 3
72 10
72 11
72 24
72 27
72 28
72 28
72 30
72 34
72 34
72 38
72 41
72 42
72 46
72 46
72 47
72 47
72 48
72 48
72 50
72 55
72 58
72 59
72 60
72 61
72 61
72 62
72 62
72 63
72 64
72 65
72 66
72 67
72 67
72 68
72 69
72 70
72 70
72 71
72 73
72 79
72 89
72 90
72 91
72 98
72 104
72 106
72 122
72 127
72 128
72 130
72 133
72 133
72 135
72 143
72 146
72 146
72 153
72 154
72 155
72 156
72 157
72 158
72 158
72 159
72 160
72 161
72 161
72 164
72 170
72 171
72 172
72 173
72 173
72 174
72 175
72 176
72 177
72 192
72 206
72 208
72 209
72 210
72 211
72 212
72 213
72 213
72 214
72 214
72 215
72 216
72 217
72 227
72 230
72 242
72 243
72 243
72 244
72 245
72 246
72 247
72 248
72 266
72 287
72 291
72 292
72 293
72 294
73 8
73 27
73 28
73 30
73 31
73 35
73 37
73 42
73 47
73 51
73 53
73 58
73 59
73 60
73 61
73 62
73 63
73 64
73 65
73 66
73 67
73 68
73 69
73 70
73 71
73 72
73 124
73 128
73 131
73 135
73 139
73 140
73 141
73 142
73 142
73 143
73 144
73 145
73 146
73 147
73 148
73 148
73 149
73 150
73 151
73 152
73 154
73 200
73 205
73 234
73 240
73 259
73 266
73 272
73 273
74 8
74 15
74 16
74 31
74 75
74 76
74 77
74 78
74 79
74 80
74 81
74 82
74 83
74 84
74 85
74 86
74 87
75 8
75 11
75 15
75 16
75 31
75 74
75 76
75 77
75 78
75 79
75 80
75 81
75 82
75 83
75 84
75 85
75 86
75 87
75 94
75 95
75 97
75 105
75 123
75 151
75 160
75 165
75 180
75 186
75 207
75 214
75 245
75 264
75 265
75 266
75 267
76 8
76 15
76 16
76 31
76 74
76 75
76 77
76 78
76 79
76 80
76 81
76 82
76 83
76 84
76 85
76 86
76 87
77 8
77 15
77 16
77 31
77 54
77 65
77 74
77 75
77 76
77 78
77 79
77 80
77 81
77 82
77 83
77 84
77 85
77 86
77 87
77 103
77 107
77 113
77 115
77 141
77 160
77 196
77 229
77 250
77 252
77 255
77 263
77 285
77 286
77 287
78 8
78 8
78 9
78 15
78 16
78 23
78 31
78 71
78 74
78 75
78 76
78 77
78 79
78 80
78 81
78 82
78 83
78 84
78 85
78 86
78 87
78 89
78 126
78 128
78 129
78 163
78 172
78 175
78 204
78 251
78 256
78 268
78 269
78 270
78 271
79 8
79 10
79 12
79 15
79 15
79 16
79 19
79 23
79 31
79 33
79 46
79 46
79 61
79 70
79 72
79 74
79 75
79 76
79 77
79 78
79 80
79 81
79 82
79 83
79 83
79 84
79 85
79 86
79 86
79 87
79 87
79 90
79 91
79 91
79 98
79 106
79 122
79 125
79 126
79 127
79 128
79 128
79 129
79 129
79 130
79 131
79 132
79 133
79 134
79 135
79 136
79 137
79 138
79 144
79 146
79 146
79 153
79 154
79 155
79 156
79 157
79 158
79 159
79 160
79 161
79 171
79 215
79 220
79 230
79 274
79 275
79 276
80 8
80 15
80 16
80 16
80 27
80 31
80 31
80 36
80 42
80 44
80 57
80 62
80 74
80 75
80 76
80 77
80 78
80 79
80 81
80 81
80 82
80 83
80 84
80 84
80 85
80 86
80 87
80 109
80 119
80 121
80 133
80 144
80 148
80 156
80 158
80 159
80 163
80 164
80 188
80 189
80 190
80 191
80 192
80 193
80 197
80 200
80 229
80 234
80 240
80 255
80 261
80 277
80 278
81 8
81 15
81 16
81 26
81 27
81 31
81 31
81 36
81 42
81 44
81 48
81 65
81 70
81 74
81 75
81 76
81 77
81 78
81 79
81 80
81 80
81 82
81 83
81 84
81 84
81 85
81 86
81 87
81 88
81 89
81 90
81 91
81 92
81 93
81 94
81 95
81 96
81 97
81 98
81 99
81 109
81 119
81 144
81 148
81 163
81 188
81 189
81 190
81 191
81 192
81 193
82 4
82 8
82 12
82 15
82 16
82 29
82 31
82 43
82 45
82 63
82 64
82 66
82 74
82 75
82 76
82 77
82 78
82 79
82 80
82 81
82 83
82 83
82 84
82 85
82 86
82 87
82 109
82 133
82 192
82 197
82 249
82 250
82 251
82 252
83 4
83 8
83 10
83 12
83 12
83 15
83 15
83 16
83 19
83 23
83 29
83 31
83 43
83 45
83 46
83 63
83 64
83 66
83 74
83 75
83 76
83 77
83 78
83 79
83 79
83 80
83 81
83 82
83 82
83 84
83 85
83 86
83 86
83 87
83 109
83 128
83 129
83 133
83 144
83 146
83 171
83 192
83 197
83 215
83 220
83 230
83 249
83 250
83 251
83 252
83 274
83 275
83 276
84 8
84 10
84 12
84 15
84 16
84 27
84 27
84 31
84 31
84 32
84 38
84 42
84 44
84 52
84 59
84 67
84 68
84 74
84 75
84 76
84 77
84 78
84 79
84 80
84 80
84 81
84 81
84 82
84 83
84 85
84 86
84 86
84 87
84 108
84 109
84 115
84 118
84 119
84 121
84 131
84 137
84 138
84 144
84 146
84 148
84 163
84 163
84 171
84 175
84 175
84 188
84 189
84 190
84 191
84 192
84 193
84 205
84 212
84 218
84 219
84 220
84 221
84 222
84 223
84 223
84 224
84 239
84 240
84 241
85 7
85 8
85 13
85 15
85 15
85 16
85 17
85 31
85 35
85 56
85 65
85 74
85 75
85 76
85 77
85 78
85 79
85 80
85 81
85 82
85 83
85 84
85 86
85 86
85 87
85 99
85 114
85 115
85 116
85 117
85 118
85 119
85 120
85 121
85 122
85 123
85 124
85 144
85 149
85 151
85 169
85 191
85 199
85 201
85 202
85 203
85 204
85 205
85 206
85 207
85 208
86 7
86 8
86 10
86 10
86 12
86 12
86 15
86 15
86 15
86 16
86 19
86 23
86 31
86 38
86 46
86 52
86 56
86 59
86 65
86 68
86 74
86 75
86 76
86 77
86 78
86 79
86 79
86 80
86 81
86 82
86 83
86 83
86 84
86 84
86 85
86 85
86 87
86 114
86 115
86 116
86 117
86 118
86 118
86 119
86 120
86 121
86 121
86 122
86 123
86 124
86 128
86 129
86 137
86 144
86 146
86 171
86 171
86 175
86 215
86 220
86 223
86 230
86 239
86 240
86 241
86 274
86 275
86 276
87 8
87 15
87 16
87 31
87 33
87 74
87 75
87 76
87 77
87 78
87 79
87 79
87 80
87 81
87 82
87 83
87 84
87 85
87 86
87 91
87 122
87 125
87 126
87 127
87 128
87 129
87 130
87 131
87 132
87 133
87 134
87 135
87 136
87 137
87 138
88 26
88 36
88 48
88 65
88 70
88 81
88 89
88 90
88 91
88 92
88 93
88 94
88 95
88 96
88 97
88 98
88 99
89 2
89 8
89 9
89 23
89 26
89 28
89 36
89 48
89 48
89 50
89 62
89 65
89 70
89 71
89 72
89 78
89 81
89 88
89 90
89 91
89 92
89 93
89 94
89 95
89 96
89 97
89 98
89 99
89 126
89 128
89 129
89 133
89 135
89 163
89 172
89 175
89 204
89 209
89 210
89 211
89 212
89 213
89 214
89 215
89 216
89 217
89 251
89 256
89 268
89 269
89 270
89 271
90 5
90 16
90 26
90 36
90 46
90 46
90 48
90 61
90 65
90 70
90 70
90 72
90 79
90 81
90 88
90 89
90 91
90 91
90 92
90 92
90 93
90 94
90 95
90 96
90 97
90 98
90 98
90 99
90 106
90 120
90 122
90 128
90 142
90 146
90 153
90 154
90 155
90 156
90 156
90 157
90 158
90 159
90 160
90 161
90 166
90 189
90 208
90 226
90 227
90 245
90 279
90 280
90 281
90 282
91 26
91 33
91 36
91 46
91 48
91 61
91 65
91 70
91 70
91 72
91 79
91 79
91 81
91 87
91 88
91 89
91 90
91 90
91 92
91 93
91 94
91 95
91 96
91 97
91 98
91 98
91 99
91 106
91 122
91 125
91 126
91 127
91 128
91 129
91 130
91 131
91 132
91 133
91 134
91 135
91 136
91 137
91 138
91 146
91 153
91 154
91 155
91 156
91 157
91 158
91 159
91 160
91 161
92 5
92 8
92 11
92 16
92 26
92 27
92 34
92 36
92 46
92 48
92 51
92 63
92 65
92 70
92 70
92 81
92 88
92 89
92 90
92 90
92 91
92 93
92 94
92 95
92 96
92 97
92 98
92 99
92 116
92 120
92 122
92 128
92 142
92 156
92 162
92 163
92 164
92 165
92 166
92 166
92 167
92 168
92 169
92 189
92 208
92 226
92 227
92 245
92 279
92 280
92 281
92 282
93 2
93 8
93 18
93 26
93 28
93 36
93 48
93 57
93 65
93 70
93 81
93 88
93 89
93 90
93 91
93 92
93 94
93 95
93 96
93 97
93 98
93 99
93 117
93 152
93 165
93 228
93 246
93 257
93 258
93 259
93 260
93 261
93 262
93 263
94 6
94 11
94 22
94 26
94 36
94 48
94 59
94 65
94 70
94 75
94 81
94 88
94 89
94 90
94 91
94 92
94 93
94 95
94 95
94 96
94 97
94 97
94 98
94 99
94 105
94 123
94 130
94 149
94 151
94 160
94 165
94 168
94 180
94 184
94 186
94 193
94 207
94 210
94 214
94 225
94 226
94 227
94 228
94 229
94 230
94 231
94 245
94 264
94 265
94 266
94 267
95 11
95 26
95 36
95 48
95 65
95 70
95 75
95 81
95 88
95 89
95 90
95 91
95 92
95 93
95 94
95 94
95 96
95 97
95 97
95 98
95 99
95 105
95 123
95 151
95 160
95 165
95 180
95 186
95 207
95 214
95 245
95 264
95 265
95 266
95 267
96 26
96 36
96 48
96 65
96 70
96 81
96 88
96 89
96 90
96 91
96 92
96 93
96 94
96 95
96 97
96 98
96 99
97 11
97 26
97 36
97 48
97 65
97 70
97 75
97 81
97 88
97 89
97 90
97 91
97 92
97 93
97 94
97 94
97 95
97 95
97 96
97 98
97 99
97 105
97 123
97 151
97 160
97 165
97 180
97 186
97 207
97 214
97 245
97 264
97 265
97 266
97 267
98 26
98 36
98 46
98 48
98 61
98 65
98 70
98 70
98 72
98 79
98 81
98 88
98 89
98 90
98 90
98 91
98 91
98 92
98 93
98 94
98 95
98 96
98 97
98 99
98 106
98 146
98 153
98 154
98 155
98 156
98 157
98 158
98 159
98 160
98 161
99 13
99 17
99 26
99 35
99 36
99 48
99 65
99 70
99 81
99 85
99 88
99 89
99 90
99 91
99 92
99 93
99 94
99 95
99 96
99 97
99 98
99 144
99 149
99 151
99 169
99 191
99 199
99 201
99 202
99 203
99 204
99 205
99 206
99 207
99 208
100 6
100 69
100 101
100 102
100 103
100 104
100 105
100 106
100 107
100 108
100 109
100 110
100 111
100 112
100 113
101 4
101 6
101 18
101 19
101 22
101 38
101 52
101 69
101 100
101 102
101 102
101 103
101 104
101 105
101 106
101 107
101 108
101 109
101 110
101 111
101 112
101 113
101 113
101 122
101 137
101 168
101 173
101 202
101 226
101 246
101 273
101 282
101 283
101 284
102 4
102 6
102 18
102 19
102 22
102 38
102 52
102 69
102 100
102 101
102 101
102 103
102 104
102 105
102 106
102 107
102 108
102 109
102 110
102 111
102 112
102 113
102 113
102 122
102 137
102 168
102 173
102 202
102 226
102 246
102 273
102 282
102 283
102 284
103 6
103 54
103 65
103 69
103 77
103 100
103 101
103 102
103 104
103 105
103 106
103 107
103 107
103 108
103 109
103 110
103 111
103 112
103 113
103 113
103 115
103 141
103 160
103 196
103 229
103 250
103 252
103 255
103 263
103 285
103 286
103 287
104 3
104 6
104 10
104 11
104 38
104 47
104 48
104 69
104 72
104 100
104 101
104 102
104 103
104 105
104 106
104 107
104 108
104 109
104 110
104 111
104 112
104 113
104 127
104 143
104 146
104 170
104 171
104 172
104 173
104 174
104 175
104 176
104 177
105 6
105 11
105 69
105 75
105 94
105 95
105 97
105 100
105 101
105 102
105 103
105 104
105 106
105 107
105 108
105 109
105 110
105 111
105 112
105 113
105 123
105 151
105 160
105 165
105 180
105 186
105 207
105 214
105 245
105 264
105 265
105 266
105 267
106 6
106 46
106 61
106 69
106 70
106 72
106 79
106 90
106 91
106 98
106 100
106 101
106 102
106 103
106 104
106 105
106 107
106 108
106 109
106 110
106 111
106 112
106 113
106 146
106 153
106 154
106 155
106 156
106 157
106 158
106 159
106 160
106 161
107 6
107 54
107 65
107 69
107 77
107 100
107 101
107 102
107 103
107 103
107 104
107 105
107 106
107 108
107 109
107 110
107 111
107 112
107 113
107 113
107 115
107 141
107 160
107 196
107 229
107 250
107 252
107 255
107 263
107 285
107 286
107 287
108 5
108 6
108 25
108 27
108 30
108 32
108 54
108 67
108 69
108 84
108 100
108 101
108 102
108 103
108 104
108 105
108 106
108 107
108 109
108 110
108 111
108 112
108 113
108 115
108 120
108 121
108 131
108 135
108 138
108 146
108 148
108 157
108 163
108 169
108 175
108 190
108 194
108 195
108 196
108 197
108 198
108 199
108 200
108 205
108 212
108 218
108 219
108 220
108 221
108 222
108 223
108 224
109 4
109 6
109 12
109 27
109 29
109 31
109 42
109 43
109 44
109 45
109 63
109 64
109 66
109 69
109 80
109 81
109 82
109 83
109 84
109 100
109 101
109 102
109 103
109 104
109 105
109 106
109 107
109 108
109 110
109 111
109 112
109 113
109 119
109 133
109 144
109 148
109 163
109 188
109 189
109 190
109 191
109 192
109 192
109 193
109 197
109 249
109 250
109 251
109 252
110 6
110 69
110 100
110 101
110 102
110 103
110 104
110 105
110 106
110 107
110 108
110 109
110 111
110 112
110 113
111 6
111 69
111 100
111 101
111 102
111 103
111 104
111 105
111 106
111 107
111 108
111 109
111 110
111 112
111 113
112 6
112 69
112 100
112 101
112 102
112 103
112 104
112 105
112 106
112 107
112 108
112 109
112 110
112 111
112 113
113 4
113 6
113 18
113 19
113 22
113 24
113 38
113 41
113 42
113 52
113 54
113 54
113 57
113 65
113 69
113 71
113 77
113 100
113 101
113 101
113 102
113 102
113 103
113 103
113 104
113 105
113 106
113 107
113 107
113 108
113 109
113 110
113 111
113 112
113 115
113 119
113 121
113 122
113 123
113 124
113 130
113 136
113 137
113 141
113 152
113 160
113 168
113 169
113 173
113 178
113 179
113 180
113 181
113 182
113 183
113 184
113 185
113 186
113 187
113 196
113 202
113 206
113 211
113 215
113 216
113 226
113 229
113 244
113 246
113 250
113 250
113 252
113 255
113 258
113 259
113 263
113 266
113 273
113 282
113 283
113 284
113 285
113 286
113 287
113 288
113 289
113 290
114 7
114 15
114 56
114 65
114 85
114 86
114 115
114 116
114 117
114 118
114 119
114 120
114 121
114 122
114 123
114 124
115 7
115 15
115 27
115 32
115 54
115 56
115 65
115 65
115 67
115 77
115 84
115 85
115 86
115 103
115 107
115 108
115 113
115 114
115 116
115 117
115 118
115 119
115 120
115 121
115 122
115 123
115 124
115 131
115 138
115 141
115 146
115 160
115 163
115 175
115 196
115 205
115 212
115 218
115 219
115 220
115 221
115 222
115 223
115 224
115 229
115 250
115 252
115 255
115 263
115 285
115 286
115 287
116 7
116 8
116 11
116 15
116 27
116 34
116 51
116 56
116 63
116 65
116 70
116 85
116 86
116 92
116 114
116 115
116 117
116 118
116 119
116 120
116 121
116 122
116 123
116 124
116 162
116 163
116 164
116 165
116 166
116 167
116 168
116 169
117 2
117 7
117 8
117 15
117 18
117 28
117 56
117 57
117 65
117 85
117 86
117 93
117 114
117 115
117 116
117 118
117 119
117 120
117 121
117 122
117 123
117 124
117 152
117 165
117 228
117 246
117 257
117 258
117 259
117 260
117 261
117 262
117 263
118 7
118 10
118 12
118 15
118 38
118 52
118 56
118 59
118 65
118 68
118 84
118 85
118 86
118 86
118 114
118 115
118 116
118 117
118 119
118 120
118 121
118 121
118 122
118 123
118 124
118 137
118 171
118 175
118 223
118 239
118 240
118 241
119 7
119 15
119 27
119 31
119 41
119 42
119 44
119 56
119 57
119 65
119 80
119 81
119 84
119 85
119 86
119 109
119 113
119 114
119 115
119 116
119 117
119 118
119 120
119 121
119 122
119 123
119 123
119 124
119 124
119 130
119 136
119 144
119 148
119 163
119 188
119 189
119 190
119 191
119 192
119 193
119 206
119 211
119 215
119 216
119 244
119 250
119 258
119 259
119 266
119 288
119 289
119 290
120 5
120 5
120 7
120 15
120 16
120 25
120 30
120 46
120 54
120 56
120 65
120 85
120 86
120 90
120 92
120 108
120 114
120 115
120 116
120 117
120 118
120 119
120 121
120 121
120 122
120 122
120 123
120 124
120 128
120 135
120 142
120 148
120 156
120 157
120 166
120 169
120 189
120 190
120 194
120 195
120 196
120 197
120 198
120 199
120 200
120 208
120 226
120 227
120 245
120 279
120 280
120 281
120 282
121 5
121 7
121 10
121 12
121 15
121 16
121 24
121 25
121 30
121 36
121 38
121 42
121 52
121 54
121 54
121 56
121 57
121 59
121 62
121 65
121 68
121 71
121 80
121 84
121 85
121 86
121 86
121 108
121 113
121 114
121 115
121 116
121 117
121 118
121 118
121 119
121 120
121 120
121 122
121 123
121 124
121 133
121 135
121 137
121 148
121 152
121 156
121 157
121 158
121 159
121 164
121 169
121 169
121 171
121 175
121 178
121 179
121 180
121 181
121 182
121 183
121 184
121 185
121 186
121 187
121 190
121 194
121 195
121 196
121 197
121 197
121 198
121 199
121 200
121 200
121 223
121 229
121 234
121 239
121 240
121 240
121 241
121 255
121 261
121 277
121 278
122 4
122 5
122 7
122 15
122 16
122 18
122 19
122 22
122 24
122 33
122 34
122 38
122 46
122 52
122 55
122 56
122 65
122 72
122 79
122 85
122 86
122 87
122 90
122 91
122 92
122 101
122 102
122 113
122 114
122 115
122 116
122 117
122 118
122 119
122 120
122 120
122 121
122 123
122 124
122 125
122 126
122 127
122 128
122 128
122 129
122 130
122 130
122 131
122 132
122 133
122 134
122 135
122 136
122 137
122 137
122 138
122 142
122 156
122 164
122 166
122 168
122 173
122 189
122 202
122 206
122 208
122 208
122 213
122 214
122 226
122 226
122 227
122 227
122 230
122 242
122 243
122 244
122 245
122 245
122 246
122 246
122 247
122 248
122 273
122 279
122 280
122 281
122 282
122 282
122 283
122 284
123 7
123 11
123 15
123 41
123 56
123 57
123 65
123 75
123 85
123 86
123 94
123 95
123 97
123 105
123 113
123 114
123 115
123 116
123 117
123 118
123 119
123 119
123 120
123 121
123 122
123 124
123 124
123 130
123 136
123 151
123 160
123 165
123 180
123 186
123 206
123 207
123 211
123 214
123 215
123 216
123 244
123 245
123 250
123 258
123 259
123 264
123 265
123 266
123 266
123 267
123 288
123 289
123 290
124 7
124 8
124 15
124 35
124 41
124 56
124 57
124 65
124 73
124 85
124 86
124 113
124 114
124 115
124 116
124 117
124 118
124 119
124 119
124 120
124 121
124 122
124 123
124 123
124 130
124 131
124 135
124 136
124 142
124 148
124 154
124 200
124 205
124 206
124 211
124 215
124 216
124 234
124 240
124 244
124 250
124 258
124 259
124 259
124 266
124 266
124 272
124 273
124 288
124 289
124 290
125 33
125 79
125 87
125 91
125 122
125 126
125 127
125 128
125 129
125 130
125 131
125 132
125 133
125 134
125 135
125 136
125 137
125 138
126 8
126 9
126 23
126 33
126 51
126 60
126 63
126 70
126 71
126 78
126 79
126 87
126 89
126 91
126 122
126 125
126 127
126 128
126 128
126 128
126 129
126 129
126 130
126 131
126 132
126 133
126 134
126 135
126 136
126 137
126 138
126 140
126 150
126 157
126 163
126 172
126 175
126 181
126 182
126 183
126 185
126 204
126 232
126 233
126 234
126 235
126 236
126 237
126 238
126 251
126 256
126 268
126 269
126 270
126 271
127 3
127 10
127 11
127 33
127 38
127 47
127 48
127 72
127 79
127 87
127 91
127 104
127 122
127 125
127 126
127 128
127 129
127 130
127 131
127 132
127 133
127 134
127 135
127 136
127 137
127 138
127 143
127 146
127 170
127 171
127 172
127 173
127 174
127 175
127 176
127 177
128 5
128 8
128 9
128 10
128 12
128 15
128 16
128 19
128 23
128 23
128 31
128 33
128 34
128 37
128 41
128 46
128 46
128 46
128 51
128 51
128 53
128 60
128 63
128 67
128 70
128 71
128 72
128 73
128 78
128 79
128 79
128 83
128 86
128 87
128 89
128 90
128 91
128 92
128 120
128 122
128 122
128 125
128 126
128 126
128 126
128 127
128 129
128 129
128 129
128 130
128 131
128 132
128 133
128 133
128 134
128 135
128 136
128 137
128 138
128 139
128 140
128 140
128 141
128 142
128 142
128 143
128 144
128 144
128 145
128 146
128 146
128 147
128 148
128 149
128 150
128 150
128 151
128 152
128 156
128 157
128 158
128 161
128 163
128 166
128 171
128 172
128 173
128 175
128 181
128 182
128 183
128 185
128 189
128 192
128 204
128 208
128 215
128 220
128 226
128 227
128 230
128 232
128 233
128 234
128 235
128 236
128 237
128 238
128 243
128 245
128 251
128 256
128 266
128 268
128 269
128 270
128 271
128 274
128 275
128 276
128 279
128 280
128 281
128 282
128 287
128 291
128 292
128 293
128 294
129 8
129 9
129 10
129 12
129 15
129 19
129 23
129 23
129 33
129 46
129 71
129 78
129 79
129 79
129 83
129 86
129 87
129 89
129 91
129 122
129 125
129 126
129 126
129 127
129 128
129 128
129 128
129 130
129 131
129 132
129 133
129 134
129 135
129 136
129 137
129 138
129 144
129 146
129 163
129 171
129 172
129 175
129 204
129 215
129 220
129 230
129 251
129 256
129 268
129 269
129 270
129 271
129 274
129 275
129 276
130 6
130 22
130 24
130 33
130 34
130 41
130 55
130 57
130 59
130 72
130 79
130 87
130 91
130 94
130 113
130 119
130 122
130 122
130 123
130 124
130 125
130 126
130 127
130 128
130 129
130 131
130 132
130 133
130 134
130 135
130 136
130 136
130 137
130 138
130 149
130 164
130 168
130 184
130 193
130 206
130 206
130 208
130 210
130 211
130 213
130 214
130 215
130 216
130 225
130 226
130 227
130 227
130 228
130 229
130 230
130 230
130 231
130 242
130 243
130 244
130 244
130 245
130 246
130 247
130 248
130 250
130 258
130 259
130 266
130 288
130 289
130 290
131 8
131 27
131 32
131 33
131 35
131 67
131 73
131 79
131 84
131 87
131 91
131 108
131 115
131 122
131 124
131 125
131 126
131 127
131 128
131 129
131 130
131 132
131 133
131 134
131 135
131 135
131 136
131 137
131 138
131 138
131 142
131 146
131 148
131 154
131 163
131 175
131 200
131 205
131 205
131 212
131 218
131 219
131 220
131 221
131 222
131 223
131 224
131 234
131 240
131 259
131 266
131 272
131 273
132 33
132 79
132 87
132 91
132 122
132 125
132 126
132 127
132 128
132 129
132 130
132 131
132 133
132 134
132 135
132 136
132 137
132 138
133 2
133 4
133 12
133 16
133 28
133 29
133 33
133 34
133 36
133 41
133 43
133 45
133 46
133 48
133 50
133 57
133 62
133 62
133 63
133 64
133 66
133 67
133 72
133 72
133 79
133 80
133 82
133 83
133 87
133 89
133 91
133 109
133 121
133 122
133 125
133 126
133 127
133 128
133 128
133 129
133 130
133 131
133 132
133 134
133 135
133 135
133 136
133 137
133 138
133 156
133 158
133 158
133 159
133 161
133 164
133 173
133 192
133 192
133 197
133 197
133 200
133 209
133 210
133 211
133 212
133 213
133 214
133 215
133 216
133 217
133 229
133 234
133 240
133 243
133 249
133 250
133 251
133 252
133 255
133 261
133 266
133 277
133 278
133 287
133 291
133 292
133 293
133 294
134 33
134 79
134 87
134 91
134 122
134 125
134 126
134 127
134 128
134 129
134 130
134 131
134 132
134 133
134 135
134 136
134 137
134 138
135 2
135 5
135 8
135 25
135 28
135 30
135 33
135 35
135 48
135 50
135 54
135 62
135 72
135 73
135 79
135 87
135 89
135 91
135 108
135 120
135 121
135 122
135 124
135 125
135 126
135 127
135 128
135 129
135 130
135 131
135 131
135 132
135 133
135 133
135 134
135 136
135 137
135 138
135 142
135 148
135 148
135 154
135 157
135 169
135 190
135 194
135 195
135 196
135 197
135 198
135 199
135 200
135 200
135 205
135 209
135 210
135 211
135 212
135 213
135 214
135 215
135 216
135 217
135 234
135 240
135 259
135 266
135 272
135 273
136 33
136 41
136 57
136 79
136 87
136 91
136 113
136 119
136 122
136 123
136 124
136 125
136 126
136 127
136 128
136 129
136 130
136 130
136 131
136 132
136 133
136 134
136 135
136 137
136 138
136 206
136 211
136 215
136 216
136 244
136 250
136 258
136 259
136 266
136 288
136 289
136 290
137 4
137 10
137 12
137 18
137 19
137 22
137 33
137 38
137 38
137 52
137 52
137 59
137 68
137 79
137 84
137 86
137 87
137 91
137 101
137 102
137 113
137 118
137 121
137 122
137 122
137 125
137 126
137 127
137 128
137 129
137 130
137 131
137 132
137 133
137 134
137 135
137 136
137 138
137 168
137 171
137 173
137 175
137 202
137 223
137 226
137 239
137 240
137 241
137 246
137 273
137 282
137 283
137 284
138 27
138 32
138 33
138 67
138 79
138 84
138 87
138 91
138 108
138 115
138 122
138 125
138 126
138 127
138 128
138 129
138 130
138 131
138 131
138 132
138 133
138 134
138 135
138 136
138 137
138 146
138 163
138 175
138 205
138 212
138 218
138 219
138 220
138 221
138 222
138 223
138 224
139 31
139 37
139 51
139 53
139 73
139 128
139 140
139 141
139 142
139 143
139 144
139 145
139 146
139 147
139 148
139 149
139 150
139 151
139 152
140 31
140 37
140 51
140 51
140 53
140 60
140 63
140 70
140 73
140 126
140 128
140 128
140 139
140 141
140 142
140 143
140 144
140 145
140 146
140 147
140 148
140 149
140 150
140 150
140 151
140 152
140 157
140 181
140 182
140 183
140 185
140 232
140 233
140 234
140 235
140 236
140 237
140 238
141 13
141 15
141 16
141 31
141 31
141 37
141 40
141 51
141 51
141 53
141 54
141 65
141 70
141 73
141 77
141 103
141 107
141 113
141 115
141 128
141 139
141 140
141 142
141 143
141 143
141 144
141 145
141 146
141 147
141 147
141 148
141 149
141 150
141 150
141 151
141 152
141 160
141 161
141 180
141 190
141 196
141 207
141 229
141 250
141 252
141 252
141 253
141 254
141 255
141 255
141 256
141 263
141 285
141 286
141 287
142 5
142 8
142 16
142 31
142 35
142 37
142 46
142 51
142 53
142 73
142 73
142 90
142 92
142 120
142 122
142 124
142 128
142 128
142 131
142 135
142 139
142 140
142 141
142 143
142 144
142 145
142 146
142 147
142 148
142 148
142 149
142 150
142 151
142 152
142 154
142 156
142 166
142 189
142 200
142 205
142 208
142 226
142 227
142 234
142 240
142 245
142 259
142 266
142 272
142 273
142 279
142 280
142 281
142 282
143 3
143 10
143 11
143 13
143 15
143 16
143 31
143 31
143 37
143 38
143 40
143 47
143 48
143 51
143 51
143 53
143 70
143 72
143 73
143 104
143 127
143 128
143 139
143 140
143 141
143 141
143 142
143 144
143 145
143 146
143 146
143 147
143 147
143 148
143 149
143 150
143 150
143 151
143 152
143 161
143 170
143 171
143 172
143 173
143 174
143 175
143 176
143 177
143 180
143 190
143 207
143 252
143 253
143 254
143 255
143 256
144 10
144 12
144 13
144 15
144 17
144 19
144 23
144 27
144 31
144 31
144 35
144 37
144 42
144 44
144 46
144 51
144 53
144 73
144 79
144 80
144 81
144 83
144 84
144 85
144 86
144 99
144 109
144 119
144 128
144 128
144 129
144 139
144 140
144 141
144 142
144 143
144 145
144 146
144 146
144 147
144 148
144 148
144 149
144 149
144 150
144 151
144 151
144 152
144 163
144 169
144 171
144 188
144 189
144 190
144 191
144 191
144 192
144 193
144 199
144 201
144 202
144 203
144 204
144 205
144 206
144 207
144 208
144 215
144 220
144 230
144 274
144 275
144 276
145 31
145 37
145 51
145 53
145 73
145 128
145 139
145 140
145 141
145 142
145 143
145 144
145 146
145 147
145 148
145 149
145 150
145 151
145 152
146 3
146 10
146 10
146 11
146 12
146 15
146 19
146 23
146 27
146 31
146 32
146 37
146 38
146 46
146 46
146 47
146 48
146 51
146 53
146 61
146 67
146 70
146 72
146 72
146 73
146 79
146 79
146 83
146 84
146 86
146 90
146 91
146 98
146 104
146 106
146 108
146 115
146 127
146 128
146 128
146 129
146 131
146 138
146 139
146 140
146 141
146 142
146 143
146 143
146 144
146 144
146 145
146 147
146 148
146 149
146 150
146 151
146 152
146 153
146 154
146 155
146 156
146 157
146 158
146 159
146 160
146 161
146 163
146 170
146 171
146 171
146 172
146 173
146 174
146 175
146 175
146 176
146 177
146 205
146 212
146 215
146 218
146 219
146 220
146 220
146 221
146 222
146 223
146 224
146 230
146 274
146 275
146 276
147 13
147 15
147 16
147 31
147 31
147 37
147 40
147 51
147 51
147 53
147 70
147 73
147 128
147 139
147 140
147 141
147 141
147 142
147 143
147 143
147 144
147 145
147 146
147 148
147 149
147 150
147 150
147 151
147 152
147 161
147 180
147 190
147 207
147 252
147 253
147 254
147 255
147 256
148 5
148 8
148 25
148 27
148 30
148 31
148 31
148 35
148 37
148 42
148 44
148 51
148 53
148 54
148 73
148 73
148 80
148 81
148 84
148 108
148 109
148 119
148 120
148 121
148 124
148 128
148 131
148 135
148 135
148 139
148 140
148 141
148 142
148 142
148 143
148 144
148 144
148 145
148 146
148 147
148 149
148 150
148 151
148 152
148 154
148 157
148 163
148 169
148 188
148 189
148 190
148 190
148 191
148 192
148 193
148 194
148 195
148 196
148 197
148 198
148 199
148 200
148 200
148 205
148 234
148 240
148 259
148 266
148 272
148 273
149 6
149 13
149 17
149 22
149 31
149 35
149 37
149 51
149 53
149 59
149 73
149 85
149 94
149 99
149 128
149 130
149 139
149 140
149 141
149 142
149 143
149 144
149 144
149 145
149 146
149 147
149 148
149 150
149 151
149 151
149 152
149 168
149 169
149 184
149 191
149 193
149 199
149 201
149 202
149 203
149 204
149 205
149 206
149 207
149 208
149 210
149 225
149 226
149 227
149 228
149 229
149 230
149 231
150 13
150 15
150 16
150 31
150 31
150 37
150 40
150 51
150 51
150 51
150 53
150 60
150 63
150 70
150 70
150 73
150 126
150 128
150 128
150 139
150 140
150 140
150 141
150 141
150 142
150 143
150 143
150 144
150 145
150 146
150 147
150 147
150 148
150 149
150 151
150 152
150 157
150 161
150 180
150 181
150 182
150 183
150 185
150 190
150 207
150 232
150 233
150 234
150 235
150 236
150 237
150 238
150 252
150 253
150 254
150 255
150 256
151 11
151 13
151 17
151 31
151 35
151 37
151 51
151 53
151 73
151 75
151 85
151 94
151 95
151 97
151 99
151 105
151 123
151 128
151 139
151 140
151 141
151 142
151 143
151 144
151 144
151 145
151 146
151 147
151 148
151 149
151 149
151 150
151 152
151 160
151 165
151 169
151 180
151 186
151 191
151 199
151 201
151 202
151 203
151 204
151 205
151 206
151 207
151 207
151 208
151 214
151 245
151 264
151 265
151 266
151 267
152 2
152 8
152 18
152 24
152 28
152 31
152 37
152 42
152 51
152 53
152 54
152 57
152 71
152 73
152 93
152 113
152 117
152 121
152 128
152 139
152 140
152 141
152 142
152 143
152 144
152 145
152 146
152 147
152 148
152 149
152 150
152 151
152 165
152 169
152 178
152 179
152 180
152 181
152 182
152 183
152 184
152 185
152 186
152 187
152 228
152 246
152 257
152 258
152 259
152 260
152 261
152 262
152 263
153 46
153 61
153 70
153 72
153 79
153 90
153 91
153 98
153 106
153 146
153 154
153 155
153 156
153 157
153 158
153 159
153 160
153 161
154 8
154 35
154 46
154 61
154 70
154 72
154 73
154 79
154 90
154 91
154 98
154 106
154 124
154 131
154 135
154 142
154 146
154 148
154 153
154 155
154 156
154 157
154 158
154 159
154 160
154 161
154 200
154 205
154 234
154 240
154 259
154 266
154 272
154 273
155 46
155 61
155 70
155 72
155 79
155 90
155 91
155 98
155 106
155 146
155 153
155 154
155 156
155 157
155 158
155 159
155 160
155 161
156 5
156 16
156 16
156 36
156 46
156 46
156 57
156 61
156 62
156 70
156 72
156 79
156 80
156 90
156 90
156 91
156 92
156 98
156 106
156 120
156 121
156 122
156 128
156 133
156 142
156 146
156 153
156 154
156 155
156 157
156 158
156 158
156 159
156 159
156 160
156 161
156 164
156 166
156 189
156 197
156 200
156 208
156 226
156 227
156 229
156 234
156 240
156 245
156 255
156 261
156 277
156 278
156 279
156 280
156 281
156 282
157 5
157 25
157 30
157 46
157 51
157 54
157 60
157 61
157 63
157 70
157 70
157 72
157 79
157 90
157 91
157 98
157 106
157 108
157 120
157 121
157 126
157 128
157 135
157 140
157 146
157 148
157 150
157 153
157 154
157 155
157 156
157 158
157 159
157 160
157 161
157 169
157 181
157 182
157 183
157 185
157 190
157 194
157 195
157 196
157 197
157 198
157 199
157 200
157 232
157 233
157 234
157 235
157 236
157 237
157 238
158 16
158 34
158 36
158 41
158 46
158 46
158 57
158 61
158 62
158 67
158 70
158 72
158 72
158 79
158 80
158 90
158 91
158 98
158 106
158 121
158 128
158 133
158 133
158 146
158 153
158 154
158 155
158 156
158 156
158 157
158 159
158 159
158 160
158 161
158 161
158 164
158 173
158 192
158 197
158 200
158 229
158 234
158 240
158 243
158 255
158 261
158 266
158 277
158 278
158 287
158 291
158 292
158 293
158 294
159 16
159 36
159 46
159 57
159 61
159 62
159 70
159 72
159 79
159 80
159 90
159 91
159 98
159 106
159 121
159 133
159 146
159 153
159 154
159 155
159 156
159 156
159 157
159 158
159 158
159 160
159 161
159 164
159 197
159 200
159 229
159 234
159 240
159 255
159 261
159 277
159 278
160 11
160 46
160 54
160 61
160 65
160 70
160 72
160 75
160 77
160 79
160 90
160 91
160 94
160 95
160 97
160 98
160 103
160 105
160 106
160 107
160 113
160 115
160 123
160 141
160 146
160 151
160 153
160 154
160 155
160 156
160 157
160 158
160 159
160 161
160 165
160 180
160 186
160 196
160 207
160 214
160 229
160 245
160 250
160 252
160 255
160 263
160 264
160 265
160 266
160 267
160 285
160 286
160 287
161 13
161 15
161 16
161 31
161 34
161 40
161 41
161 46
161 46
161 51
161 61
161 67
161 70
161 70
161 72
161 72
161 79
161 90
161 91
161 98
161 106
161 128
161 133
161 141
161 143
161 146
161 147
161 150
161 153
161 154
161 155
161 156
161 157
161 158
161 158
161 159
161 160
161 173
161 180
161 190
161 192
161 207
161 243
161 252
161 253
161 254
161 255
161 256
161 266
161 287
161 291
161 292
161 293
161 294
162 8
162 11
162 27
162 34
162 51
162 63
162 70
162 92
162 116
162 163
162 164
162 165
162 166
162 167
162 168
162 169
163 8
163 8
163 9
163 11
163 23
163 27
163 27
163 27
163 31
163 32
163 34
163 42
163 44
163 51
163 63
163 67
163 70
163 71
163 78
163 80
163 81
163 84
163 84
163 89
163 92
163 108
163 109
163 115
163 116
163 119
163 126
163 128
163 129
163 131
163 138
163 144
163 146
163 148
163 162
163 164
163 165
163 166
163 167
163 168
163 169
163 172
163 175
163 175
163 188
163 189
163 190
163 191
163 192
163 193
163 204
163 205
163 212
163 218
163 219
163 220
163 221
163 222
163 223
163 224
163 251
163 256
163 268
163 269
163 270
163 271
164 8
164 11
164 16
164 24
164 27
164 34
164 34
164 36
164 51
164 55
164 57
164 62
164 63
164 70
164 72
164 80
164 92
164 116
164 121
164 122
164 130
164 133
164 156
164 158
164 159
164 162
164 163
164 165
164 166
164 167
164 168
164 169
164 197
164 200
164 206
164 208
164 213
164 214
164 227
164 229
164 230
164 234
164 240
164 242
164 243
164 244
164 245
164 246
164 247
164 248
164 255
164 261
164 277
164 278
165 2
165 8
165 8
165 11
165 11
165 18
165 27
165 28
165 34
165 51
165 57
165 63
165 70
165 75
165 92
165 93
165 94
165 95
165 97
165 105
165 116
165 117
165 123
165 151
165 152
165 160
165 162
165 163
165 164
165 166
165 167
165 168
165 169
165 180
165 186
165 207
165 214
165 228
165 245
165 246
165 257
165 258
165 259
165 260
165 261
165 262
165 263
165 264
165 265
165 266
165 267
166 5
166 8
166 11
166 16
166 27
166 34
166 46
166 51
166 63
166 70
166 90
166 92
166 92
166 116
166 120
166 122
166 128
166 142
166 156
166 162
166 163
166 164
166 165
166 167
166 168
166 169
166 189
166 208
166 226
166 227
166 245
166 279
166 280
166 281
166 282
167 8
167 11
167 27
167 34
167 51
167 63
167 70
167 92
167 116
167 162
167 163
167 164
167 165
167 166
167 168
167 169
168 4
168 6
168 8
168 11
168 18
168 19
168 22
168 22
168 27
168 34
168 38
168 51
168 52
168 59
168 63
168 70
168 92
168 94
168 101
168 102
168 113
168 116
168 122
168 130
168 137
168 149
168 162
168 163
168 164
168 165
168 166
168 167
168 169
168 173
168 184
168 193
168 202
168 210
168 225
168 226
168 226
168 227
168 228
168 229
168 230
168 231
168 246
168 273
168 282
168 283
168 284
169 5
169 8
169 11
169 13
169 17
169 24
169 25
169 27
169 30
169 34
169 35
169 42
169 51
169 54
169 54
169 63
169 70
169 71
169 85
169 92
169 99
169 108
169 113
169 116
169 120
169 121
169 121
169 135
169 144
169 148
169 149
169 151
169 152
169 157
169 162
169 163
169 164
169 165
169 166
169 167
169 168
169 178
169 179
169 180
169 181
169 182
169 183
169 184
169 185
169 186
169 187
169 190
169 191
169 194
169 195
169 196
169 197
169 198
169 199
169 199
169 200
169 201
169 202
169 203
169 204
169 205
169 206
169 207
169 208
170 3
170 10
170 11
170 38
170 47
170 48
170 72
170 104
170 127
170 143
170 146
170 171
170 172
170 173
170 174
170 175
170 176
170 177
171 3
171 10
171 10
171 10
171 11
171 12
171 12
171 15
171 19
171 23
171 38
171 38
171 46
171 47
171 48
171 52
171 59
171 68
171 72
171 79
171 83
171 84
171 86
171 86
171 104
171 118
171 121
171 127
171 128
171 129
171 137
171 143
171 144
171 146
171 146
171 170
171 172
171 173
171 174
171 175
171 175
171 176
171 177
171 215
171 220
171 223
171 230
171 239
171 240
171 241
171 274
171 275
171 276
172 3
172 8
172 9
172 10
172 11
172 23
172 38
172 47
172 48
172 71
172 72
172 78
172 89
172 104
172 126
172 127
172 128
172 129
172 143
172 146
172 163
172 170
172 171
172 173
172 174
172 175
172 175
172 176
172 177
172 204
172 251
172 256
172 268
172 269
172 270
172 271
173 3
173 4
173 10
173 11
173 18
173 19
173 22
173 34
173 38
173 38
173 41
173 46
173 47
173 48
173 52
173 67
173 72
173 72
173 101
173 102
173 104
173 113
173 122
173 127
173 128
173 133
173 137
173 143
173 146
173 158
173 161
173 168
173 170
173 171
173 172
173 174
173 175
173 176
173 177
173 192
173 202
173 226
173 243
173 246
173 266
173 273
173 282
173 283
173 284
173 287
173 291
173 292
173 293
173 294
174 3
174 10
174 11
174 38
174 47
174 48
174 72
174 104
174 127
174 143
174 146
174 170
174 171
174 172
174 173
174 175
174 176
174 177
175 3
175 8
175 9
175 10
175 10
175 11
175 12
175 23
175 27
175 32
175 38
175 38
175 47
175 48
175 52
175 59
175 67
175 68
175 71
175 72
175 78
175 84
175 84
175 86
175 89
175 104
175 108
175 115
175 118
175 121
175 126
175 127
175 128
175 129
175 131
175 137
175 138
175 143
175 146
175 146
175 163
175 163
175 170
175 171
175 171
175 172
175 172
175 173
175 174
175 176
175 177
175 204
175 205
175 212
175 218
175 219
175 220
175 221
175 222
175 223
175 223
175 224
175 239
175 240
175 241
175 251
175 256
175 268
175 269
175 270
175 271
176 3
176 10
176 11
176 38
176 47
176 48
176 72
176 104
176 127
176 143
176 146
176 170
176 171
176 172
176 173
176 174
176 175
176 177
177 3
177 10
177 11
177 38
177 47
177 48
177 72
177 104
177 127
177 143
177 146
177 170
177 171
177 172
177 173
177 174
177 175
177 176
178 24
178 42
178 54
178 71
178 113
178 121
178 152
178 169
178 179
178 180
178 181
178 182
178 183
178 184
178 185
178 186
178 187
179 24
179 42
179 54
179 71
179 113
179 121
179 152
179 169
179 178
179 180
179 181
179 182
179 183
179 184
179 185
179 186
179 187
180 11
180 13
180 15
180 16
180 24
180 31
180 40
180 42
180 51
180 54
180 70
180 71
180 75
180 94
180 95
180 97
180 105
180 113
180 121
180 123
180 141
180 143
180 147
180 150
180 151
180 152
180 160
180 161
180 165
180 169
180 178
180 179
180 181
180 182
180 183
180 184
180 185
180 186
180 186
180 187
180 190
180 207
180 207
180 214
180 245
180 252
180 253
180 254
180 255
180 256
180 264
180 265
180 266
180 267
181 24
181 42
181 51
181 54
181 60
181 63
181 70
181 71
181 113
181 121
181 126
181 128
181 140
181 150
181 152
181 157
181 169
181 178
181 179
181 180
181 182
181 182
181 183
181 183
181 184
181 185
181 185
181 186
181 187
181 232
181 233
181 234
181 235
181 236
181 237
181 238
182 24
182 42
182 51
182 54
182 60
182 63
182 70
182 71
182 113
182 121
182 126
182 128
182 140
182 150
182 152
182 157
182 169
182 178
182 179
182 180
182 181
182 181
182 183
182 183
182 184
182 185
182 185
182 186
182 187
182 232
182 233
182 234
182 235
182 236
182 237
182 238
183 24
183 42
183 51
183 54
183 60
183 63
183 70
183 71
183 113
183 121
183 126
183 128
183 140
183 150
183 152
183 157
183 169
183 178
183 179
183 180
183 181
183 181
183 182
183 182
183 184
183 185
183 185
183 186
183 187
183 232
183 233
183 234
183 235
183 236
183 237
183 238
184 6
184 22
184 24
184 42
184 54
184 59
184 71
184 94
184 113
184 121
184 130
184 149
184 152
184 168
184 169
184 178
184 179
184 180
184 181
184 182
184 183
184 185
184 186
184 187
184 193
184 210
184 225
184 226
184 227
184 228
184 229
184 230
184 231
185 24
185 42
185 51
185 54
185 60
185 63
185 70
185 71
185 113
185 121
185 126
185 128
185 140
185 150
185 152
185 157
185 169
185 178
185 179
185 180
185 181
185 181
185 182
185 182
185 183
185 183
185 184
185 186
185 187
185 232
185 233
185 234
185 235
185 236
185 237
185 238
186 11
186 24
186 42
186 54
186 71
186 75
186 94
186 95
186 97
186 105
186 113
186 121
186 123
186 151
186 152
186 160
186 165
186 169
186 178
186 179
186 180
186 180
186 181
186 182
186 183
186 184
186 185
186 187
186 207
186 214
186 245
186 264
186 265
186 266
186 267
187 24
187 42
187 54
187 71
187 113
187 121
187 152
187 169
187 178
187 179
187 180
187 181
187 182
187 183
187 184
187 185
187 186
188 27
188 31
188 42
188 44
188 80
188 81
188 84
188 109
188 119
188 144
188 148
188 163
188 189
188 190
188 191
188 192
188 193
189 5
189 16
189 27
189 31
189 42
189 44
189 46
189 80
189 81
189 84
189 90
189 92
189 109
189 119
189 120
189 122
189 128
189 142
189 144
189 148
189 156
189 163
189 166
189 188
189 190
189 191
189 192
189 193
189 208
189 226
189 227
189 245
189 279
189 280
189 281
189 282
190 5
190 13
190 15
190 16
190 25
190 27
190 30
190 31
190 31
190 40
190 42
190 44
190 51
190 54
190 70
190 80
190 81
190 84
190 108
190 109
190 119
190 120
190 121
190 135
190 141
190 143
190 144
190 147
190 148
190 148
190 150
190 157
190 161
190 163
190 169
190 180
190 188
190 189
190 191
190 192
190 193
190 194
190 195
190 196
190 197
190 198
190 199
190 200
190 207
190 252
190 253
190 254
190 255
190 256
191 13
191 17
191 27
191 31
191 35
191 42
191 44
191 80
191 81
191 84
191 85
191 99
191 109
191 119
191 144
191 144
191 148
191 149
191 151
191 163
191 169
191 188
191 189
191 190
191 192
191 193
191 199
191 201
191 202
191 203
191 204
191 205
191 206
191 207
191 208
192 4
192 12
192 27
192 29
192 31
192 34
192 41
192 42
192 43
192 44
192 45
192 46
192 63
192 64
192 66
192 67
192 72
192 80
192 81
192 82
192 83
192 84
192 109
192 109
192 119
192 128
192 133
192 133
192 144
192 148
192 158
192 161
192 163
192 173
192 188
192 189
192 190
192 191
192 193
192 197
192 243
192 249
192 250
192 251
192 252
192 266
192 287
192 291
192 292
192 293
192 294
193 6
193 22
193 27
193 31
193 42
193 44
193 59
193 80
193 81
193 84
193 94
193 109
193 119
193 130
193 144
193 148
193 149
193 163
193 168
193 184
193 188
193 189
193 190
193 191
193 192
193 210
193 225
193 226
193 227
193 228
193 229
193 230
193 231
194 5
194 25
194 30
194 54
194 108
194 120
194 121
194 135
194 148
194 157
194 169
194 190
194 195
194 196
194 197
194 198
194 199
194 200
195 5
195 25
195 30
195 54
195 108
195 120
195 121
195 135
195 148
195 157
195 169
195 190
195 194
195 196
195 197
195 198
195 199
195 200
196 5
196 25
196 30
196 54
196 54
196 65
196 77
196 103
196 107
196 108
196 113
196 115
196 120
196 121
196 135
196 141
196 148
196 157
196 160
196 169
196 190
196 194
196 195
196 197
196 198
196 199
196 200
196 229
196 250
196 252
196 255
196 263
196 285
196 286
196 287
197 4
197 5
197 12
197 16
197 25
197 29
197 30
197 36
197 43
197 45
197 54
197 57
197 62
197 63
197 64
197 66
197 80
197 82
197 83
197 108
197 109
197 120
197 121
197 121
197 133
197 133
197 135
197 148
197 156
197 157
197 158
197 159
197 164
197 169
197 190
197 192
197 194
197 195
197 196
197 198
197 199
197 200
197 200
197 229
197 234
197 240
197 249
197 250
197 251
197 252
197 255
197 261
197 277
197 278
198 5
198 25
198 30
198 54
198 108
198 120
198 121
198 135
198 148
198 157
198 169
198 190
198 194
198 195
198 196
198 197
198 199
198 200
199 5
199 13
199 17
199 25
199 30
199 35
199 54
199 85
199 99
199 108
199 120
199 121
199 135
199 144
199 148
199 149
199 151
199 157
199 169
199 169
199 190
199 191
199 194
199 195
199 196
199 197
199 198
199 200
199 201
199 202
199 203
199 204
199 205
199 206
199 207
199 208
200 5
200 8
200 16
200 25
200 30
200 35
200 36
200 54
200 57
200 62
200 73
200 80
200 108
200 120
200 121
200 121
200 124
200 131
200 133
200 135
200 135
200 142
200 148
200 148
200 154
200 156
200 157
200 158
200 159
200 164
200 169
200 190
200 194
200 195
200 196
200 197
200 197
200 198
200 199
200 205
200 229
200 234
200 234
200 240
200 240
200 255
200 259
200 261
200 266
200 272
200 273
200 277
200 278
201 13
201 17
201 35
201 85
201 99
201 144
201 149
201 151
201 169
201 191
201 199
201 202
201 203
201 204
201 205
201 206
201 207
201 208
202 4
202 13
202 17
202 18
202 19
202 22
202 35
202 38
202 52
202 85
202 99
202 101
202 102
202 113
202 122
202 137
202 144
202 149
202 151
202 168
202 169
202 173
202 191
202 199
202 201
202 203
202 204
202 205
202 206
202 207
202 208
202 226
202 246
202 273
202 282
202 283
202 284
203 13
203 17
203 35
203 85
203 99
203 144
203 149
203 151
203 169
203 191
203 199
203 201
203 202
203 204
203 205
203 206
203 207
203 208
204 8
204 9
204 13
204 17
204 23
204 35
204 71
204 78
204 85
204 89
204 99
204 126
204 128
204 129
204 144
204 149
204 151
204 163
204 169
204 172
204 175
204 191
204 199
204 201
204 202
204 203
204 205
204 206
204 207
204 208
204 251
204 256
204 268
204 269
204 270
204 271
205 8
205 13
205 17
205 27
205 32
205 35
205 35
205 67
205 73
205 84
205 85
205 99
205 108
205 115
205 124
205 131
205 131
205 135
205 138
205 142
205 144
205 146
205 148
205 149
205 151
205 154
205 163
205 169
205 175
205 191
205 199
205 200
205 201
205 202
205 203
205 204
205 206
205 207
205 208
205 212
205 218
205 219
205 220
205 221
205 222
205 223
205 224
205 234
205 240
205 259
205 266
205 272
205 273
206 13
206 17
206 24
206 34
206 35
206 41
206 55
206 57
206 72
206 85
206 99
206 113
206 119
206 122
206 123
206 124
206 130
206 130
206 136
206 144
206 149
206 151
206 164
206 169
206 191
206 199
206 201
206 202
206 203
206 204
206 205
206 207
206 208
206 208
206 211
206 213
206 214
206 215
206 216
206 227
206 230
206 242
206 243
206 244
206 244
206 245
206 246
206 247
206 248
206 250
206 258
206 259
206 266
206 288
206 289
206 290
207 11
207 13
207 13
207 15
207 16
207 17
207 31
207 35
207 40
207 51
207 70
207 75
207 85
207 94
207 95
207 97
207 99
207 105
207 123
207 141
207 143
207 144
207 147
207 149
207 150
207 151
207 151
207 160
207 161
207 165
207 169
207 180
207 180
207 186
207 190
207 191
207 199
207 201
207 202
207 203
207 204
207 205
207 206
207 208
207 214
207 245
207 252
207 253
207 254
207 255
207 256
207 264
207 265
207 266
207 267
208 5
208 13
208 16
208 17
208 24
208 34
208 35
208 46
208 55
208 72
208 85
208 90
208 92
208 99
208 120
208 122
208 122
208 128
208 130
208 142
208 144
208 149
208 151
208 156
208 164
208 166
208 169
208 189
208 191
208 199
208 201
208 202
208 203
208 204
208 205
208 206
208 206
208 207
208 213
208 214
208 226
208 227
208 227
208 230
208 242
208 243
208 244
208 245
208 245
208 246
208 247
208 248
208 279
208 280
208 281
208 282
209 2
209 28
209 48
209 50
209 62
209 72
209 89
209 133
209 135
209 210
209 211
209 212
209 213
209 214
209 215
209 216
209 217
210 2
210 6
210 22
210 28
210 48
210 50
210 59
210 62
210 72
210 89
210 94
210 130
210 133
210 135
210 149
210 168
210 184
210 193
210 209
210 211
210 212
210 213
210 214
210 215
210 216
210 217
210 225
210 226
210 227
210 228
210 229
210 230
210 231
211 2
211 28
211 41
211 48
211 50
211 57
211 62
211 72
211 89
211 113
211 119
211 123
211 124
211 130
211 133
211 135
211 136
211 206
211 209
211 210
211 212
211 213
211 214
211 215
211 215
211 216
211 216
211 217
211 244
211 250
211 258
211 259
211 266
211 288
211 289
211 290
212 2
212 27
212 28
212 32
212 48
212 50
212 62
212 67
212 72
212 84
212 89
212 108
212 115
212 131
212 133
212 135
212 138
212 146
212 163
212 175
212 205
212 209
212 210
212 211
212 213
212 214
212 215
212 216
212 217
212 218
212 219
212 220
212 221
212 222
212 223
212 224
213 2
213 24
213 28
213 34
213 48
213 50
213 55
213 62
213 72
213 72
213 89
213 122
213 130
213 133
213 135
213 164
213 206
213 208
213 209
213 210
213 211
213 212
213 214
213 214
213 215
213 216
213 217
213 227
213 230
213 242
213 243
213 244
213 245
213 246
213 247
213 248
214 2
214 11
214 24
214 28
214 34
214 48
214 50
214 55
214 62
214 72
214 72
214 75
214 89
214 94
214 95
214 97
214 105
214 122
214 123
214 130
214 133
214 135
214 151
214 160
214 164
214 165
214 180
214 186
214 206
214 207
214 208
214 209
214 210
214 211
214 212
214 213
214 213
214 215
214 216
214 217
214 227
214 230
214 242
214 243
214 244
214 245
214 245
214 246
214 247
214 248
214 264
214 265
214 266
214 267
215 2
215 10
215 12
215 15
215 19
215 23
215 28
215 41
215 46
215 48
215 50
215 57
215 62
215 72
215 79
215 83
215 86
215 89
215 113
215 119
215 123
215 124
215 128
215 129
215 130
215 133
215 135
215 136
215 144
215 146
215 171
215 206
215 209
215 210
215 211
215 211
215 212
215 213
215 214
215 216
215 216
215 217
215 220
215 230
215 244
215 250
215 258
215 259
215 266
215 274
215 275
215 276
215 288
215 289
215 290
216 2
216 28
216 41
216 48
216 50
216 57
216 62
216 72
216 89
216 113
216 119
216 123
216 124
216 130
216 133
216 135
216 136
216 206
216 209
216 210
216 211
216 211
216 212
216 213
216 214
216 215
216 215
216 217
216 244
216 250
216 258
216 259
216 266
216 288
216 289
216 290
217 2
217 28
217 48
217 50
217 62
217 72
217 89
217 133
217 135
217 209
217 210
217 211
217 212
217 213
217 214
217 215
217 216
218 27
218 32
218 67
218 84
218 108
218 115
218 131
218 138
218 146
218 163
218 175
218 205
218 212
218 219
218 220
218 221
218 222
218 223
218 224
219 27
219 32
219 67
219 84
219 108
219 115
219 131
219 138
219 146
219 163
219 175
219 205
219 212
219 218
219 220
219 221
219 222
219 223
219 224
220 10
220 12
220 15
220 19
220 23
220 27
220 32
220 46
220 67
220 79
220 83
220 84
220 86
220 108
220 115
220 128
220 129
220 131
220 138
220 144
220 146
220 146
220 163
220 171
220 175
220 205
220 212
220 215
220 218
220 219
220 221
220 222
220 223
220 224
220 230
220 274
220 275
220 276
221 27
221 32
221 67
221 84
221 108
221 115
221 131
221 138
221 146
221 163
221 175
221 205
221 212
221 218
221 219
221 220
221 222
221 223
221 224
222 27
222 32
222 67
222 84
222 108
222 115
222 131
222 138
222 146
222 163
222 175
222 205
222 212
222 218
222 219
222 220
222 221
222 223
222 224
223 10
223 12
223 27
223 32
223 38
223 52
223 59
223 67
223 68
223 84
223 84
223 86
223 108
223 115
223 118
223 121
223 131
223 137
223 138
223 146
223 163
223 171
223 175
223 175
223 205
223 212
223 218
223 219
223 220
223 221
223 222
223 224
223 239
223 240
223 241
224 27
224 32
224 67
224 84
224 108
224 115
224 131
224 138
224 146
224 163
224 175
224 205
224 212
224 218
224 219
224 220
224 221
224 222
224 223
225 6
225 22
225 59
225 94
225 130
225 149
225 168
225 184
225 193
225 210
225 226
225 227
225 228
225 229
225 230
225 231
226 4
226 5
226 6
226 16
226 18
226 19
226 22
226 22
226 38
226 46
226 52
226 59
226 90
226 92
226 94
226 101
226 102
226 113
226 120
226 122
226 122
226 128
226 130
226 137
226 142
226 149
226 156
226 166
226 168
226 168
226 173
226 184
226 189
226 193
226 202
226 208
226 210
226 225
226 227
226 227
226 228
226 229
226 230
226 231
226 245
226 246
226 273
226 279
226 280
226 281
226 282
226 282
226 283
226 284
227 5
227 6
227 16
227 22
227 24
227 34
227 46
227 55
227 59
227 72
227 90
227 92
227 94
227 120
227 122
227 122
227 128
227 130
227 130
227 142
227 149
227 156
227 164
227 166
227 168
227 184
227 189
227 193
227 206
227 208
227 208
227 210
227 213
227 214
227 225
227 226
227 226
227 228
227 229
227 230
227 230
227 231
227 242
227 243
227 244
227 245
227 245
227 246
227 247
227 248
227 279
227 280
227 281
227 282
228 2
228 6
228 8
228 18
228 22
228 28
228 57
228 59
228 93
228 94
228 117
228 130
228 149
228 152
228 165
228 168
228 184
228 193
228 210
228 225
228 226
228 227
228 229
228 230
228 231
228 246
228 257
228 258
228 259
228 260
228 261
228 262
228 263
229 6
229 16
229 22
229 36
229 54
229 57
229 59
229 62
229 65
229 77
229 80
229 94
229 103
229 107
229 113
229 115
229 121
229 130
229 133
229 141
229 149
229 156
229 158
229 159
229 160
229 164
229 168
229 184
229 193
229 196
229 197
229 200
229 210
229 225
229 226
229 227
229 228
229 230
229 231
229 234
229 240
229 250
229 252
229 255
229 255
229 261
229 263
229 277
229 278
229 285
229 286
229 287
230 6
230 10
230 12
230 15
230 19
230 22
230 23
230 24
230 34
230 46
230 55
230 59
230 72
230 79
230 83
230 86
230 94
230 122
230 128
230 129
230 130
230 130
230 144
230 146
230 149
230 164
230 168
230 171
230 184
230 193
230 206
230 208
230 210
230 213
230 214
230 215
230 220
230 225
230 226
230 227
230 227
230 228
230 229
230 231
230 242
230 243
230 244
230 245
230 246
230 247
230 248
230 274
230 275
230 276
231 6
231 22
231 59
231 94
231 130
231 149
231 168
231 184
231 193
231 210
231 225
231 226
231 227
231 228
231 229
231 230
232 51
232 60
232 63
232 70
232 126
232 128
232 140
232 150
232 157
232 181
232 182
232 183
232 185
232 233
232 234
232 235
232 236
232 237
232 238
233 51
233 60
233 63
233 70
233 126
233 128
233 140
233 150
233 157
233 181
233 182
233 183
233 185
233 232
233 234
233 235
233 236
233 237
233 238
234 8
234 16
234 35
234 36
234 51
234 57
234 60
234 62
234 63
234 70
234 73
234 80
234 121
234 124
234 126
234 128
234 131
234 133
234 135
234 140
234 142
234 148
234 150
234 154
234 156
234 157
234 158
234 159
234 164
234 181
234 182
234 183
234 185
234 197
234 200
234 200
234 205
234 229
234 232
234 233
234 235
234 236
234 237
234 238
234 240
234 240
234 255
234 259
234 261
234 266
234 272
234 273
234 277
234 278
235 51
235 60
235 63
235 70
235 126
235 128
235 140
235 150
235 157
235 181
235 182
235 183
235 185
235 232
235 233
235 234
235 236
235 237
235 238
236 51
236 60
236 63
236 70
236 126
236 128
236 140
236 150
236 157
236 181
236 182
236 183
236 185
236 232
236 233
236 234
236 235
236 237
236 238
237 51
237 60
237 63
237 70
237 126
237 128
237 140
237 150
237 157
237 181
237 182
237 183
237 185
237 232
237 233
237 234
237 235
237 236
237 238
238 51
238 60
238 63
238 70
238 126
238 128
238 140
238 150
238 157
238 181
238 182
238 183
238 185
238 232
238 233
238 234
238 235
238 236
238 237
239 10
239 12
239 38
239 52
239 59
239 68
239 84
239 86
239 118
239 121
239 137
239 171
239 175
239 223
239 240
239 241
240 8
240 10
240 12
240 16
240 35
240 36
240 38
240 52
240 57
240 59
240 62
240 68
240 73
240 80
240 84
240 86
240 118
240 121
240 121
240 124
240 131
240 133
240 135
240 137
240 142
240 148
240 154
240 156
240 158
240 159
240 164
240 171
240 175
240 197
240 200
240 200
240 205
240 223
240 229
240 234
240 234
240 239
240 241
240 255
240 259
240 261
240 266
240 272
240 273
240 277
240 278
241 10
241 12
241 38
241 52
241 59
241 68
241 84
241 86
241 118
241 121
241 137
241 171
241 175
241 223
241 239
241 240
242 24
242 34
242 55
242 72
242 122
242 130
242 164
242 206
242 208
242 213
242 214
242 227
242 230
242 243
242 244
242 245
242 246
242 247
242 248
243 24
243 34
243 34
243 41
243 46
243 55
243 67
243 72
243 72
243 122
243 128
243 130
243 133
243 158
243 161
243 164
243 173
243 192
243 206
243 208
243 213
243 214
243 227
243 230
243 242
243 244
243 245
243 246
243 247
243 248
243 266
243 287
243 291
243 292
243 293
243 294
244 24
244 34
244 41
244 55
244 57
244 72
244 113
244 119
244 122
244 123
244 124
244 130
244 130
244 136
244 164
244 206
244 206
244 208
244 211
244 213
244 214
244 215
244 216
244 227
244 230
244 242
244 243
244 245
244 246
244 247
244 248
244 250
244 258
244 259
244 266
244 288
244 289
244 290
245 5
245 11
245 16
245 24
245 34
245 46
245 55
245 72
245 75
245 90
245 92
245 94
245 95
245 97
245 105
245 120
245 122
245 122
245 123
245 128
245 130
245 142
245 151
245 156
245 160
245 164
245 165
245 166
245 180
245 186
245 189
245 206
245 207
245 208
245 208
245 213
245 214
245 214
245 226
245 227
245 227
245 230
245 242
245 243
245 244
245 246
245 247
245 248
245 264
245 265
245 266
245 267
245 279
245 280
245 281
245 282
246 2
246 4
246 8
246 18
246 18
246 19
246 22
246 24
246 28
246 34
246 38
246 52
246 55
246 57
246 72
246 93
246 101
246 102
246 113
246 117
246 122
246 122
246 130
246 137
246 152
246 164
246 165
246 168
246 173
246 202
246 206
246 208
246 213
246 214
246 226
246 227
246 228
246 230
246 242
246 243
246 244
246 245
246 247
246 248
246 257
246 258
246 259
246 260
246 261
246 262
246 263
246 273
246 282
246 283
246 284
247 24
247 34
247 55
247 72
247 122
247 130
247 164
247 206
247 208
247 213
247 214
247 227
247 230
247 242
247 243
247 244
247 245
247 246
247 248
248 24
248 34
248 55
248 72
248 122
248 130
248 164
248 206
248 208
248 213
248 214
248 227
248 230
248 242
248 243
248 244
248 245
248 246
248 247
249 4
249 12
249 29
249 43
249 45
249 63
249 64
249 66
249 82
249 83
249 109
249 133
249 192
249 197
249 250
249 251
249 252
250 4
250 12
250 29
250 41
250 43
250 45
250 54
250 57
250 63
250 64
250 65
250 66
250 77
250 82
250 83
250 103
250 107
250 109
250 113
250 113
250 115
250 119
250 123
250 124
250 130
250 133
250 136
250 141
250 160
250 192
250 196
250 197
250 206
250 211
250 215
250 216
250 229
250 244
250 249
250 251
250 252
250 252
250 255
250 258
250 259
250 263
250 266
250 285
250 286
250 287
250 288
250 289
250 290
251 4
251 8
251 9
251 12
251 23
251 29
251 43
251 45
251 63
251 64
251 66
251 71
251 78
251 82
251 83
251 89
251 109
251 126
251 128
251 129
251 133
251 163
251 172
251 175
251 192
251 197
251 204
251 249
251 250
251 252
251 256
251 268
251 269
251 270
251 271
252 4
252 12
252 13
252 15
252 16
252 29
252 31
252 40
252 43
252 45
252 51
252 54
252 63
252 64
252 65
252 66
252 70
252 77
252 82
252 83
252 103
252 107
252 109
252 113
252 115
252 133
252 141
252 141
252 143
252 147
252 150
252 160
252 161
252 180
252 190
252 192
252 196
252 197
252 207
252 229
252 249
252 250
252 250
252 251
252 253
252 254
252 255
252 255
252 256
252 263
252 285
252 286
252 287
253 13
253 15
253 16
253 31
253 40
253 51
253 70
253 141
253 143
253 147
253 150
253 161
253 180
253 190
253 207
253 252
253 254
253 255
253 256
254 13
254 15
254 16
254 31
254 40
254 51
254 70
254 141
254 143
254 147
254 150
254 161
254 180
254 190
254 207
254 252
254 253
254 255
254 256
255 13
255 15
255 16
255 16
255 31
255 36
255 40
255 51
255 54
255 57
255 62
255 65
255 70
255 77
255 80
255 103
255 107
255 113
255 115
255 121
255 133
255 141
255 141
255 143
255 147
255 150
255 156
255 158
255 159
255 160
255 161
255 164
255 180
255 190
255 196
255 197
255 200
255 207
255 229
255 229
255 234
255 240
255 250
255 252
255 252
255 253
255 254
255 256
255 261
255 263
255 277
255 278
255 285
255 286
255 287
256 8
256 9
256 13
256 15
256 16
256 23
256 31
256 40
256 51
256 70
256 71
256 78
256 89
256 126
256 128
256 129
256 141
256 143
256 147
256 150
256 161
256 163
256 172
256 175
256 180
256 190
256 204
256 207
256 251
256 252
256 253
256 254
256 255
256 268
256 269
256 270
256 271
257 2
257 8
257 18
257 28
257 57
257 93
257 117
257 152
257 165
257 228
257 246
257 258
257 259
257 260
257 261
257 262
257 263
258 2
258 8
258 18
258 28
258 41
258 57
258 57
258 93
258 113
258 117
258 119
258 123
258 124
258 130
258 136
258 152
258 165
258 206
258 211
258 215
258 216
258 228
258 244
258 246
258 250
258 257
258 259
258 259
258 260
258 261
258 262
258 263
258 266
258 288
258 289
258 290
259 2
259 8
259 8
259 18
259 28
259 35
259 41
259 57
259 57
259 73
259 93
259 113
259 117
259 119
259 123
259 124
259 124
259 130
259 131
259 135
259 136
259 142
259 148
259 152
259 154
259 165
259 200
259 205
259 206
259 211
259 215
259 216
259 228
259 234
259 240
259 244
259 246
259 250
259 257
259 258
259 258
259 260
259 261
259 262
259 263
259 266
259 266
259 272
259 273
259 288
259 289
259 290
260 2
260 8
260 18
260 28
260 57
260 93
260 117
260 152
260 165
260 228
260 246
260 257
260 258
260 259
260 261
260 262
260 263
261 2
261 8
261 16
261 18
261 28
261 36
261 57
261 57
261 62
261 80
261 93
261 117
261 121
261 133
261 152
261 156
261 158
261 159
261 164
261 165
261 197
261 200
261 228
261 229
261 234
261 240
261 246
261 255
261 257
261 258
261 259
261 260
261 262
261 263
261 277
261 278
262 2
262 8
262 18
262 28
262 57
262 93
262 117
262 152
262 165
262 228
262 246
262 257
262 258
262 259
262 260
262 261
262 263
263 2
263 8
263 18
263 28
263 54
263 57
263 65
263 77
263 93
263 103
263 107
263 113
263 115
263 117
263 141
263 152
263 160
263 165
263 196
263 228
263 229
263 246
263 250
263 252
263 255
263 257
263 258
263 259
263 260
263 261
263 262
263 285
263 286
263 287
264 11
264 75
264 94
264 95
264 97
264 105
264 123
264 151
264 160
264 165
264 180
264 186
264 207
264 214
264 245
264 265
264 266
264 267
265 11
265 75
265 94
265 95
265 97
265 105
265 123
265 151
265 160
265 165
265 180
265 186
265 207
265 214
265 245
265 264
265 266
265 267
266 8
266 11
266 34
266 35
266 41
266 41
266 46
266 57
266 67
266 72
266 73
266 75
266 94
266 95
266 97
266 105
266 113
266 119
266 123
266 123
266 124
266 124
266 128
266 130
266 131
266 133
266 135
266 136
266 142
266 148
266 151
266 154
266 158
266 160
266 161
266 165
266 173
266 180
266 186
266 192
266 200
266 205
266 206
266 207
266 211
266 214
266 215
266 216
266 234
266 240
266 243
266 244
266 245
266 250
266 258
266 259
266 259
266 264
266 265
266 267
266 272
266 273
266 287
266 288
266 289
266 290
266 291
266 292
266 293
266 294
267 11
267 75
267 94
267 95
267 97
267 105
267 123
267 151
267 160
267 165
267 180
267 186
267 207
267 214
267 245
267 264
267 265
267 266
268 8
268 9
268 23
268 71
268 78
268 89
268 126
268 128
268 129
268 163
268 172
268 175
268 204
268 251
268 256
268 269
268 270
268 271
269 8
269 9
269 23
269 71
269 78
269 89
269 126
269 128
269 129
269 163
269 172
269 175
269 204
269 251
269 256
269 268
269 270
269 271
270 8
270 9
270 23
270 71
270 78
270 89
270 126
270 128
270 129
270 163
270 172
270 175
270 204
270 251
270 256
270 268
270 269
270 271
271 8
271 9
271 23
271 71
271 78
271 89
271 126
271 128
271 129
271 163
271 172
271 175
271 204
271 251
271 256
271 268
271 269
271 270
272 8
272 35
272 73
272 124
272 131
272 135
272 142
272 148
272 154
272 200
272 205
272 234
272 240
272 259
272 266
272 273
273 4
273 8
273 18
273 19
273 22
273 35
273 38
273 52
273 73
273 101
273 102
273 113
273 122
273 124
273 131
273 135
273 137
273 142
273 148
273 154
273 168
273 173
273 200
273 202
273 205
273 226
273 234
273 240
273 246
273 259
273 266
273 272
273 282
273 283
273 284
274 10
274 12
274 15
274 19
274 23
274 46
274 79
274 83
274 86
274 128
274 129
274 144
274 146
274 171
274 215
274 220
274 230
274 275
274 276
275 10
275 12
275 15
275 19
275 23
275 46
275 79
275 83
275 86
275 128
275 129
275 144
275 146
275 171
275 215
275 220
275 230
275 274
275 276
276 10
276 12
276 15
276 19
276 23
276 46
276 79
276 83
276 86
276 128
276 129
276 144
276 146
276 171
276 215
276 220
276 230
276 274
276 275
277 16
277 36
277 57
277 62
277 80
277 121
277 133
277 156
277 158
277 159
277 164
277 197
277 200
277 229
277 234
277 240
277 255
277 261
277 278
278 16
278 36
278 57
278 62
278 80
278 121
278 133
278 156
278 158
278 159
278 164
278 197
278 200
278 229
278 234
278 240
278 255
278 261
278 277
279 5
279 16
279 46
279 90
279 92
279 120
279 122
279 128
279 142
279 156
279 166
279 189
279 208
279 226
279 227
279 245
279 280
279 281
279 282
280 5
280 16
280 46
280 90
280 92
280 120
280 122
280 128
280 142
280 156
280 166
280 189
280 208
280 226
280 227
280 245
280 279
280 281
280 282
281 5
281 16
281 46
281 90
281 92
281 120
281 122
281 128
281 142
281 156
281 166
281 189
281 208
281 226
281 227
281 245
281 279
281 280
281 282
282 4
282 5
282 16
282 18
282 19
282 22
282 38
282 46
282 52
282 90
282 92
282 101
282 102
282 113
282 120
282 122
282 122
282 128
282 137
282 142
282 156
282 166
282 168
282 173
282 189
282 202
282 208
282 226
282 226
282 227
282 245
282 246
282 273
282 279
282 280
282 281
282 283
282 284
283 4
283 18
283 19
283 22
283 38
283 52
283 101
283 102
283 113
283 122
283 137
283 168
283 173
283 202
283 226
283 246
283 273
283 282
283 284
284 4
284 18
284 19
284 22
284 38
284 52
284 101
284 102
284 113
284 122
284 137
284 168
284 173
284 202
284 226
284 246
284 273
284 282
284 283
285 54
285 65
285 77
285 103
285 107
285 113
285 115
285 141
285 160
285 196
285 229
285 250
285 252
285 255
285 263
285 286
285 287
286 54
286 65
286 77
286 103
286 107
286 113
286 115
286 141
286 160
286 196
286 229
286 250
286 252
286 255
286 263
286 285
286 287
287 34
287 41
287 46
287 54
287 65
287 67
287 72
287 77
287 103
287 107
287 113
287 115
287 128
287 133
287 141
287 158
287 160
287 161
287 173
287 192
287 196
287 229
287 243
287 250
287 252
287 255
287 263
287 266
287 285
287 286
287 291
287 292
287 293
287 294
288 41
288 57
288 113
288 119
288 123
288 124
288 130
288 136
288 206
288 211
288 215
288 216
288 244
288 250
288 258
288 259
288 266
288 289
288 290
289 41
289 57
289 113
289 119
289 123
289 124
289 130
289 136
289 206
289 211
289 215
289 216
289 244
289 250
289 258
289 259
289 266
289 288
289 290
290 41
290 57
290 113
290 119
290 123
290 124
290 130
290 136
290 206
290 211
290 215
290 216
290 244
290 250
290 258
290 259
290 266
290 288
290 289
291 34
291 41
291 46
291 67
291 72
291 128
291 133
291 158
291 161
291 173
291 192
291 243
291 266
291 287
291 292
291 293
291 294
292 34
292 41
292 46
292 67
292 72
292 128
292 133
292 158
292 161
292 173
292 192
292 243
292 266
292 287
292 291
292 293
292 294
293 34
293 41
293 46
293 67
293 72
293 128
293 133
293 158
293 161
293 173
293 192
293 243
293 266
293 287
293 291
293 292
293 294
294 34
294 41
294 46
294 67
294 72
294 128
294 133
294 158
294 161
294 173
294 192
294 243
294 266
294 287
294 291
294 292
294 293