1 2
1 3
1 4
1 5
1 6
1 7
1 8
1 9
1 10
1 11
1 12
1 13
1 14
1 15
1 16
1 17
1 18
1 19
2 1
2 3
2 4
2 5
2 6
2 7
2 8
2 9
2 10
2 11
2 12
2 13
2 14
2 15
2 16
2 17
2 18
2 19
2 32
2 40
2 59
2 72
2 75
2 76
2 80
2 126
2 127
2 128
2 129
2 130
2 131
2 132
2 133
2 134
2 135
2 136
3 1
3 2
3 4
3 5
3 5
3 6
3 7
3 8
3 9
3 10
3 11
3 12
3 13
3 14
3 15
3 16
3 17
3 18
3 19
3 98
3 133
3 136
3 171
3 178
3 188
3 208
3 212
3 219
3 239
3 242
3 271
3 273
3 274
3 275
3 276
4 1
4 2
4 3
4 5
4 6
4 7
4 8
4 8
4 9
4 10
4 11
4 12
4 13
4 14
4 15
4 15
4 16
4 16
4 17
4 17
4 18
4 19
4 20
4 21
4 22
4 22
4 23
4 24
4 25
4 26
4 27
4 28
4 29
4 30
4 31
4 32
4 33
4 33
4 43
4 47
4 50
4 51
4 52
4 53
4 54
4 55
4 56
4 57
4 58
4 59
4 60
4 61
4 62
4 63
4 64
4 85
4 94
4 101
4 102
4 103
4 104
4 105
4 106
4 107
4 108
4 109
4 110
4 111
5 1
5 2
5 3
5 3
5 4
5 6
5 7
5 8
5 9
5 10
5 11
5 12
5 13
5 14
5 15
5 16
5 17
5 18
5 19
5 51
5 57
5 63
5 64
5 87
5 93
5 98
5 106
5 108
5 109
5 125
5 133
5 136
5 154
5 171
5 178
5 182
5 188
5 201
5 208
5 212
5 219
5 239
5 242
5 256
5 260
5 271
5 273
5 274
5 275
5 276
5 283
5 284
6 1
6 2
6 3
6 4
6 5
6 7
6 8
6 9
6 10
6 10
6 11
6 12
6 13
6 14
6 15
6 16
6 17
6 18
6 19
6 22
6 24
6 26
6 35
6 46
6 54
6 58
6 67
6 77
6 89
6 105
6 107
6 110
6 138
6 140
6 160
6 169
6 170
6 170
6 171
6 172
6 173
6 174
6 175
6 176
6 177
6 178
6 186
6 203
6 219
6 250
6 253
6 258
6 296
7 1
7 2
7 3
7 4
7 5
7 6
7 8
7 9
7 10
7 11
7 12
7 13
7 14
7 15
7 16
7 17
7 18
7 19
7 30
7 82
7 88
7 100
7 102
7 112
7 113
7 114
7 115
7 116
7 117
7 118
7 119
7 120
7 121
7 122
7 123
7 124
7 125
8 1
8 2
8 3
8 4
8 4
8 5
8 6
8 7
8 9
8 10
8 11
8 12
8 13
8 14
8 15
8 16
8 17
8 18
8 19
8 22
8 31
8 41
8 85
8 94
8 101
8 102
8 103
8 104
8 105
8 106
8 107
8 108
8 109
8 110
8 111
8 114
8 155
8 173
8 181
8 190
8 191
8 208
8 209
8 241
8 242
8 243
8 244
8 245
8 246
8 247
9 1
9 2
9 3
9 4
9 5
9 6
9 7
9 8
9 10
9 11
9 12
9 13
9 14
9 15
9 16
9 16
9 17
9 18
9 18
9 19
9 44
9 71
9 88
9 145
9 150
9 161
9 167
9 176
9 179
9 180
9 181
9 182
9 183
9 184
9 184
9 185
9 186
9 186
9 187
9 188
9 199
9 223
9 225
9 232
9 233
9 234
9 235
9 236
9 237
9 238
9 239
9 240
10 1
10 2
10 3
10 4
10 5
10 6
10 6
10 7
10 8
10 9
10 11
10 12
10 13
10 14
10 15
10 16
10 17
10 18
10 19
10 35
10 46
10 58
10 89
10 138
10 140
10 169
10 170
10 171
10 172
10 173
10 174
10 175
10 176
10 177
10 178
11 1
11 2
11 3
11 4
11 5
11 6
11 7
11 8
11 9
11 10
11 12
11 13
11 14
11 15
11 16
11 17
11 18
11 19
11 24
11 29
11 64
11 96
11 111
11 116
11 119
11 121
11 124
11 144
11 153
11 155
11 160
11 174
11 175
11 181
11 193
11 200
11 211
11 211
11 216
11 217
11 218
11 219
11 220
11 221
11 222
11 223
11 224
11 225
11 227
11 238
11 275
11 285
11 286
11 287
11 288
12 1
12 2
12 3
12 4
12 5
12 6
12 7
12 8
12 9
12 10
12 11
12 13
12 14
12 15
12 16
12 17
12 18
12 19
12 22
12 68
12 106
12 120
12 124
12 135
12 162
12 185
12 194
12 195
12 217
12 259
12 260
12 269
12 270
12 271
12 272
13 1
13 2
13 3
13 4
13 5
13 6
13 7
13 8
13 9
13 10
13 11
13 12
13 14
13 15
13 16
13 17
13 17
13 18
13 19
13 19
13 21
13 25
13 31
13 32
13 41
13 45
13 48
13 71
13 91
13 134
13 135
13 141
13 156
13 162
13 183
13 189
13 190
13 191
13 192
13 192
13 193
13 194
13 195
13 200
13 210
13 213
13 248
13 249
13 250
13 251
13 252
13 253
13 254
14 1
14 2
14 3
14 4
14 5
14 6
14 7
14 8
14 9
14 10
14 11
14 12
14 13
14 15
14 16
14 16
14 17
14 18
14 19
14 26
14 27
14 28
14 30
14 34
14 35
14 36
14 36
14 37
14 38
14 39
14 40
14 41
14 42
14 43
14 44
14 45
14 46
14 47
14 48
14 49
14 58
14 66
14 72
14 94
14 95
14 95
14 115
14 122
14 123
14 138
14 139
14 157
14 158
14 166
14 167
14 190
14 196
14 197
14 198
14 199
14 200
14 201
14 202
14 203
14 204
14 205
14 237
14 255
14 256
14 257
14 258
14 259
14 260
14 261
14 262
15 1
15 2
15 3
15 4
15 4
15 5
15 6
15 7
15 8
15 9
15 10
15 11
15 12
15 13
15 14
15 16
15 16
15 17
15 17
15 18
15 19
15 20
15 21
15 22
15 23
15 24
15 25
15 25
15 26
15 27
15 28
15 28
15 28
15 29
15 30
15 31
15 32
15 32
15 33
15 51
15 63
15 96
15 98
15 114
15 120
15 120
15 147
15 148
15 149
15 150
15 151
15 151
15 152
15 153
15 153
15 154
15 155
15 156
15 157
15 158
15 220
15 238
15 274
15 276
15 277
15 278
15 279
15 280
15 281
16 1
16 2
16 3
16 4
16 4
16 5
16 6
16 7
16 8
16 9
16 9
16 10
16 11
16 12
16 13
16 14
16 14
16 15
16 15
16 17
16 17
16 18
16 19
16 20
16 21
16 22
16 23
16 24
16 25
16 26
16 27
16 27
16 28
16 28
16 29
16 30
16 31
16 32
16 33
16 34
16 35
16 36
16 37
16 38
16 39
16 40
16 41
16 42
16 43
16 44
16 45
16 46
16 47
16 48
16 49
16 71
16 88
16 161
16 184
16 186
16 199
16 223
16 225
16 232
16 233
16 234
16 235
16 236
16 237
16 238
16 239
16 240
17 1
17 2
17 3
17 4
17 4
17 5
17 6
17 7
17 8
17 9
17 10
17 11
17 12
17 13
17 13
17 14
17 15
17 15
17 16
17 16
17 18
17 19
17 20
17 21
17 22
17 23
17 24
17 25
17 26
17 27
17 28
17 29
17 30
17 31
17 32
17 32
17 33
17 48
17 141
17 156
17 162
17 192
17 200
17 210
17 213
17 248
17 249
17 250
17 251
17 252
17 253
17 254
18 1
18 2
18 3
18 4
18 5
18 6
18 7
18 8
18 9
18 9
18 10
18 11
18 12
18 13
18 14
18 15
18 16
18 17
18 19
18 44
18 63
18 78
18 81
18 82
18 100
18 121
18 124
18 125
18 145
18 148
18 150
18 159
18 160
18 161
18 162
18 163
18 164
18 165
18 166
18 167
18 167
18 168
18 176
18 179
18 180
18 181
18 182
18 183
18 184
18 185
18 186
18 187
18 188
19 1
19 2
19 3
19 4
19 5
19 6
19 7
19 8
19 9
19 10
19 11
19 12
19 13
19 13
19 14
19 15
19 16
19 17
19 18
19 21
19 25
19 31
19 41
19 45
19 71
19 91
19 134
19 135
19 183
19 189
19 190
19 191
19 192
19 193
19 194
19 195
20 4
20 15
20 16
20 17
20 21
20 22
20 23
20 24
20 25
20 26
20 27
20 28
20 29
20 30
20 31
20 32
20 33
21 4
21 13
21 15
21 16
21 17
21 19
21 20
21 22
21 23
21 24
21 25
21 25
21 26
21 27
21 28
21 29
21 30
21 31
21 31
21 32
21 33
21 41
21 45
21 71
21 91
21 134
21 135
21 183
21 189
21 190
21 191
21 192
21 193
21 194
21 195
22 4
22 4
22 6
22 8
22 12
22 15
22 16
22 17
22 20
22 21
22 23
22 24
22 24
22 25
22 26
22 26
22 27
22 28
22 29
22 30
22 31
22 32
22 33
22 54
22 67
22 68
22 77
22 85
22 94
22 101
22 102
22 103
22 104
22 105
22 105
22 106
22 106
22 107
22 107
22 108
22 109
22 110
22 110
22 111
22 120
22 124
22 135
22 160
22 162
22 170
22 185
22 186
22 194
22 195
22 203
22 217
22 219
22 250
22 253
22 258
22 259
22 260
22 269
22 270
22 271
22 272
22 296
23 4
23 15
23 16
23 17
23 20
23 21
23 22
23 24
23 25
23 26
23 27
23 28
23 29
23 30
23 31
23 32
23 33
23 60
23 84
23 85
23 86
23 87
23 88
23 89
23 90
23 91
23 92
23 92
23 93
23 94
23 95
23 96
23 97
23 98
23 99
23 100
23 121
23 128
23 139
23 163
23 174
23 205
23 214
23 226
23 227
23 228
23 229
23 230
23 231
24 4
24 6
24 11
24 15
24 16
24 17
24 20
24 21
24 22
24 22
24 23
24 25
24 26
24 26
24 27
24 28
24 29
24 30
24 31
24 32
24 33
24 54
24 67
24 77
24 105
24 107
24 110
24 121
24 124
24 144
24 153
24 160
24 170
24 175
24 181
24 186
24 203
24 211
24 216
24 217
24 218
24 219
24 219
24 220
24 221
24 222
24 223
24 224
24 225
24 250
24 253
24 258
24 296
25 4
25 13
25 15
25 15
25 16
25 17
25 19
25 20
25 21
25 21
25 22
25 23
25 24
25 26
25 27
25 28
25 28
25 29
25 30
25 31
25 31
25 32
25 32
25 33
25 33
25 39
25 41
25 45
25 55
25 57
25 63
25 67
25 71
25 91
25 102
25 114
25 120
25 134
25 135
25 146
25 147
25 148
25 149
25 150
25 151
25 152
25 153
25 154
25 155
25 156
25 157
25 158
25 158
25 168
25 174
25 183
25 187
25 189
25 190
25 191
25 192
25 193
25 194
25 195
25 229
25 239
25 246
25 251
25 258
25 265
25 272
25 282
26 4
26 6
26 14
26 15
26 16
26 17
26 20
26 21
26 22
26 22
26 23
26 24
26 24
26 25
26 27
26 28
26 29
26 30
26 30
26 31
26 32
26 33
26 36
26 54
26 58
26 67
26 77
26 95
26 105
26 107
26 110
26 115
26 122
26 123
26 160
26 167
26 170
26 186
26 190
26 203
26 219
26 237
26 250
26 253
26 255
26 256
26 257
26 258
26 258
26 259
26 260
26 261
26 262
26 296
27 4
27 14
27 15
27 16
27 16
27 17
27 20
27 21
27 22
27 23
27 24
27 25
27 26
27 28
27 28
27 29
27 30
27 31
27 32
27 33
27 34
27 35
27 36
27 37
27 38
27 39
27 40
27 41
27 42
27 43
27 44
27 45
27 46
27 47
27 48
27 49
28 4
28 14
28 15
28 15
28 15
28 16
28 16
28 17
28 20
28 21
28 22
28 23
28 24
28 25
28 25
28 26
28 27
28 27
28 29
28 30
28 31
28 32
28 32
28 33
28 34
28 35
28 36
28 37
28 38
28 39
28 40
28 41
28 42
28 43
28 44
28 45
28 46
28 47
28 48
28 49
28 51
28 63
28 96
28 98
28 114
28 120
28 120
28 147
28 148
28 149
28 150
28 151
28 151
28 152
28 153
28 153
28 154
28 155
28 156
28 157
28 158
28 220
28 238
28 274
28 276
28 277
28 278
28 279
28 280
28 281
29 4
29 11
29 15
29 16
29 17
29 20
29 21
29 22
29 23
29 24
29 25
29 26
29 27
29 28
29 30
29 31
29 32
29 33
29 64
29 96
29 111
29 116
29 119
29 155
29 160
29 174
29 193
29 200
29 211
29 227
29 238
29 275
29 285
29 286
29 287
29 288
30 4
30 7
30 14
30 15
30 16
30 17
30 20
30 21
30 22
30 23
30 24
30 25
30 26
30 26
30 27
30 28
30 29
30 31
30 32
30 33
30 36
30 58
30 82
30 88
30 95
30 100
30 102
30 112
30 113
30 114
30 115
30 115
30 116
30 117
30 118
30 119
30 120
30 121
30 122
30 122
30 123
30 123
30 124
30 125
30 167
30 190
30 237
30 255
30 256
30 257
30 258
30 259
30 260
30 261
30 262
31 4
31 8
31 13
31 15
31 16
31 17
31 19
31 20
31 21
31 21
31 22
31 23
31 24
31 25
31 25
31 26
31 27
31 28
31 29
31 30
31 32
31 33
31 41
31 41
31 42
31 45
31 66
31 68
31 71
31 79
31 83
31 91
31 91
31 93
31 110
31 114
31 127
31 133
31 134
31 135
31 137
31 138
31 139
31 140
31 141
31 142
31 143
31 144
31 145
31 146
31 146
31 155
31 161
31 173
31 181
31 183
31 187
31 189
31 190
31 190
31 191
31 191
31 192
31 193
31 194
31 195
31 206
31 207
31 208
31 208
31 209
31 209
31 210
31 211
31 212
31 213
31 214
31 215
31 241
31 242
31 243
31 244
31 245
31 246
31 247
32 2
32 4
32 13
32 15
32 15
32 16
32 17
32 17
32 20
32 21
32 22
32 23
32 24
32 25
32 25
32 26
32 27
32 28
32 28
32 29
32 30
32 31
32 33
32 40
32 48
32 59
32 63
32 72
32 75
32 76
32 80
32 114
32 120
32 126
32 127
32 128
32 129
32 130
32 131
32 132
32 133
32 134
32 135
32 136
32 141
32 147
32 148
32 149
32 150
32 151
32 152
32 153
32 154
32 155
32 156
32 156
32 157
32 158
32 162
32 192
32 200
32 210
32 213
32 248
32 249
32 250
32 251
32 252
32 253
32 254
33 4
33 4
33 15
33 16
33 17
33 20
33 21
33 22
33 23
33 24
33 25
33 25
33 26
33 27
33 28
33 29
33 30
33 31
33 32
33 39
33 43
33 47
33 50
33 51
33 52
33 53
33 54
33 55
33 55
33 56
33 57
33 57
33 58
33 59
33 60
33 61
33 62
33 63
33 64
33 67
33 102
33 146
33 158
33 168
33 174
33 187
33 229
33 239
33 246
33 251
33 258
33 265
33 272
33 282
34 14
34 16
34 27
34 28
34 35
34 36
34 37
34 38
34 39
34 40
34 41
34 42
34 43
34 44
34 45
34 46
34 47
34 48
34 49
35 6
35 10
35 14
35 16
35 27
35 28
35 34
35 36
35 37
35 38
35 39
35 40
35 41
35 42
35 43
35 44
35 45
35 46
35 46
35 47
35 48
35 49
35 58
35 89
35 138
35 140
35 169
35 170
35 171
35 172
35 173
35 174
35 175
35 176
35 177
35 178
36 14
36 14
36 16
36 26
36 27
36 28
36 30
36 34
36 35
36 37
36 38
36 39
36 40
36 41
36 42
36 43
36 44
36 45
36 46
36 47
36 48
36 49
36 58
36 95
36 115
36 122
36 123
36 167
36 190
36 237
36 255
36 256
36 257
36 258
36 259
36 260
36 261
36 262
37 14
37 16
37 27
37 28
37 34
37 35
37 36
37 38
37 39
37 40
37 40
37 41
37 42
37 43
37 44
37 45
37 46
37 47
37 48
37 49
37 53
37 76
37 133
37 152
37 157
37 158
37 160
37 175
37 205
37 238
37 240
37 290
37 293
37 294
37 295
38 14
38 16
38 27
38 28
38 34
38 35
38 36
38 37
38 39
38 40
38 41
38 42
38 43
38 44
38 45
38 46
38 47
38 48
38 49
39 14
39 16
39 25
39 27
39 28
39 33
39 34
39 35
39 36
39 37
39 38
39 40
39 41
39 42
39 43
39 44
39 45
39 46
39 47
39 48
39 49
39 55
39 57
39 67
39 102
39 146
39 158
39 168
39 174
39 187
39 229
39 239
39 246
39 251
39 258
39 265
39 272
39 282
40 2
40 14
40 16
40 27
40 28
40 32
40 34
40 35
40 36
40 37
40 37
40 38
40 39
40 41
40 42
40 43
40 44
40 45
40 46
40 47
40 48
40 49
40 53
40 59
40 72
40 75
40 76
40 76
40 80
40 126
40 127
40 128
40 129
40 130
40 131
40 132
40 133
40 133
40 134
40 135
40 136
40 152
40 157
40 158
40 160
40 175
40 205
40 238
40 240
40 290
40 293
40 294
40 295
41 8
41 13
41 14
41 16
41 19
41 21
41 25
41 27
41 28
41 31
41 31
41 34
41 35
41 36
41 37
41 38
41 39
41 40
41 42
41 43
41 44
41 45
41 45
41 46
41 47
41 48
41 49
41 71
41 91
41 114
41 134
41 135
41 155
41 173
41 181
41 183
41 189
41 190
41 190
41 191
41 191
41 192
41 193
41 194
41 195
41 208
41 209
41 241
41 242
41 243
41 244
41 245
41 246
41 247
42 14
42 16
42 27
42 28
42 31
42 34
42 35
42 36
42 37
42 38
42 39
42 40
42 41
42 43
42 44
42 45
42 46
42 47
42 48
42 49
42 52
42 53
42 68
42 73
42 93
42 110
42 146
42 161
42 164
42 165
42 185
42 187
42 191
42 202
42 206
42 207
42 208
42 209
42 210
42 211
42 212
42 213
42 214
42 215
42 227
42 238
42 245
42 274
42 289
42 290
43 4
43 14
43 16
43 27
43 28
43 33
43 34
43 35
43 36
43 37
43 38
43 39
43 40
43 41
43 42
43 44
43 45
43 46
43 47
43 47
43 48
43 49
43 50
43 51
43 52
43 53
43 54
43 55
43 56
43 57
43 58
43 59
43 60
43 61
43 62
43 63
43 64
44 9
44 14
44 16
44 18
44 27
44 28
44 34
44 35
44 36
44 37
44 38
44 39
44 40
44 41
44 42
44 43
44 45
44 46
44 47
44 48
44 49
44 145
44 150
44 167
44 176
44 179
44 180
44 181
44 182
44 183
44 184
44 185
44 186
44 187
44 188
45 13
45 14
45 16
45 19
45 21
45 25
45 27
45 28
45 31
45 34
45 35
45 36
45 37
45 38
45 39
45 40
45 41
45 41
45 42
45 43
45 44
45 46
45 47
45 48
45 49
45 71
45 91
45 134
45 135
45 183
45 189
45 190
45 191
45 192
45 193
45 194
45 195
46 6
46 10
46 14
46 16
46 27
46 28
46 34
46 35
46 35
46 36
46 37
46 38
46 39
46 40
46 41
46 42
46 43
46 44
46 45
46 47
46 48
46 49
46 58
46 89
46 138
46 140
46 169
46 170
46 171
46 172
46 173
46 174
46 175
46 176
46 177
46 178
47 4
47 14
47 16
47 27
47 28
47 33
47 34
47 35
47 36
47 37
47 38
47 39
47 40
47 41
47 42
47 43
47 43
47 44
47 45
47 46
47 48
47 49
47 50
47 51
47 52
47 53
47 54
47 55
47 56
47 57
47 58
47 59
47 60
47 61
47 62
47 63
47 64
47 65
47 66
47 67
47 68
47 69
47 70
47 71
47 72
47 73
47 74
47 75
47 76
47 77
47 78
47 79
47 80
47 81
47 82
47 83
48 13
48 14
48 16
48 17
48 27
48 28
48 32
48 34
48 35
48 36
48 37
48 38
48 39
48 40
48 41
48 42
48 43
48 44
48 45
48 46
48 47
48 49
48 141
48 156
48 162
48 192
48 200
48 210
48 213
48 248
48 249
48 250
48 251
48 252
48 253
48 254
49 14
49 16
49 27
49 28
49 34
49 35
49 36
49 37
49 38
49 39
49 40
49 41
49 42
49 43
49 44
49 45
49 46
49 47
49 48
50 4
50 33
50 43
50 47
50 51
50 52
50 53
50 54
50 55
50 56
50 57
50 58
50 59
50 60
50 61
50 62
50 63
50 64
51 4
51 5
51 15
51 28
51 33
51 43
51 47
51 50
51 52
51 53
51 54
51 55
51 56
51 57
51 57
51 58
51 59
51 60
51 61
51 62
51 63
51 63
51 64
51 64
51 87
51 93
51 96
51 98
51 106
51 108
51 109
51 120
51 125
51 151
51 153
51 154
51 182
51 201
51 220
51 238
51 256
51 260
51 274
51 276
51 277
51 278
51 279
51 280
51 281
51 283
51 284
52 4
52 33
52 42
52 43
52 47
52 50
52 51
52 53
52 53
52 54
52 55
52 56
52 57
52 58
52 59
52 60
52 61
52 62
52 63
52 64
52 73
52 164
52 165
52 185
52 191
52 202
52 227
52 238
52 245
52 274
52 289
52 290
53 4
53 33
53 37
53 40
53 42
53 43
53 47
53 50
53 51
53 52
53 52
53 54
53 55
53 56
53 57
53 58
53 59
53 60
53 61
53 62
53 63
53 64
53 73
53 76
53 133
53 152
53 157
53 158
53 160
53 164
53 165
53 175
53 185
53 191
53 202
53 205
53 227
53 238
53 238
53 240
53 245
53 274
53 289
53 290
53 290
53 293
53 294
53 295
54 4
54 6
54 22
54 24
54 26
54 33
54 43
54 47
54 50
54 51
54 52
54 53
54 55
54 56
54 57
54 58
54 59
54 60
54 61
54 62
54 63
54 64
54 67
54 77
54 105
54 107
54 110
54 160
54 170
54 186
54 203
54 219
54 250
54 253
54 258
54 296
55 4
55 25
55 33
55 33
55 39
55 43
55 47
55 50
55 51
55 52
55 53
55 54
55 56
55 57
55 57
55 58
55 59
55 60
55 61
55 62
55 63
55 64
55 67
55 75
55 86
55 97
55 99
55 102
55 113
55 118
55 137
55 146
55 151
55 158
55 166
55 168
55 174
55 187
55 202
55 209
55 229
55 239
55 242
55 246
55 251
55 258
55 264
55 265
55 272
55 276
55 282
55 286
55 287
55 291
55 292
56 4
56 33
56 43
56 47
56 50
56 51
56 52
56 53
56 54
56 55
56 57
56 58
56 59
56 60
56 61
56 62
56 63
56 64
57 4
57 5
57 25
57 33
57 33
57 39
57 43
57 47
57 50
57 51
57 51
57 52
57 53
57 54
57 55
57 55
57 56
57 58
57 59
57 60
57 61
57 62
57 63
57 63
57 64
57 64
57 67
57 87
57 93
57 102
57 106
57 108
57 109
57 125
57 146
57 154
57 158
57 168
57 174
57 182
57 187
57 201
57 229
57 239
57 246
57 251
57 256
57 258
57 260
57 265
57 272
57 282
57 283
57 284
58 4
58 6
58 10
58 14
58 26
58 30
58 33
58 35
58 36
58 43
58 46
58 47
58 50
58 51
58 52
58 53
58 54
58 55
58 56
58 57
58 59
58 60
58 61
58 62
58 63
58 64
58 89
58 95
58 115
58 122
58 123
58 138
58 140
58 167
58 169
58 170
58 171
58 172
58 173
58 174
58 175
58 176
58 177
58 178
58 190
58 237
58 255
58 256
58 257
58 258
58 259
58 260
58 261
58 262
59 2
59 4
59 32
59 33
59 40
59 43
59 47
59 50
59 51
59 52
59 53
59 54
59 55
59 56
59 57
59 58
59 60
59 61
59 62
59 63
59 64
59 72
59 75
59 76
59 80
59 126
59 127
59 128
59 129
59 130
59 131
59 132
59 133
59 134
59 135
59 136
60 4
60 23
60 33
60 43
60 47
60 50
60 51
60 52
60 53
60 54
60 55
60 56
60 57
60 58
60 59
60 61
60 62
60 63
60 64
60 84
60 85
60 86
60 87
60 88
60 89
60 90
60 91
60 92
60 93
60 94
60 95
60 96
60 97
60 98
60 99
60 100
61 4
61 33
61 43
61 47
61 50
61 51
61 52
61 53
61 54
61 55
61 56
61 57
61 58
61 59
61 60
61 62
61 63
61 64
62 4
62 33
62 43
62 47
62 50
62 51
62 52
62 53
62 54
62 55
62 56
62 57
62 58
62 59
62 60
62 61
62 63
62 64
63 4
63 5
63 15
63 18
63 25
63 28
63 32
63 33
63 43
63 47
63 50
63 51
63 51
63 52
63 53
63 54
63 55
63 56
63 57
63 57
63 58
63 59
63 60
63 61
63 62
63 64
63 64
63 78
63 81
63 82
63 87
63 93
63 100
63 106
63 108
63 109
63 114
63 120
63 121
63 124
63 125
63 125
63 147
63 148
63 148
63 149
63 150
63 151
63 152
63 153
63 154
63 154
63 155
63 156
63 157
63 158
63 159
63 160
63 161
63 162
63 163
63 164
63 165
63 166
63 167
63 168
63 182
63 201
63 256
63 260
63 283
63 284
64 4
64 5
64 11
64 29
64 33
64 43
64 47
64 50
64 51
64 51
64 52
64 53
64 54
64 55
64 56
64 57
64 57
64 58
64 59
64 60
64 61
64 62
64 63
64 63
64 87
64 93
64 96
64 106
64 108
64 109
64 111
64 116
64 119
64 125
64 154
64 155
64 160
64 174
64 182
64 193
64 200
64 201
64 211
64 227
64 238
64 256
64 260
64 275
64 283
64 284
64 285
64 286
64 287
64 288
65 47
65 66
65 67
65 68
65 69
65 70
65 71
65 72
65 73
65 74
65 75
65 76
65 77
65 78
65 79
65 80
65 81
65 82
65 83
66 14
66 31
66 47
66 65
66 67
66 68
66 69
66 70
66 71
66 72
66 72
66 73
66 74
66 75
66 76
66 77
66 78
66 79
66 79
66 80
66 81
66 82
66 83
66 83
66 91
66 94
66 95
66 127
66 133
66 137
66 138
66 138
66 139
66 139
66 140
66 141
66 142
66 143
66 144
66 145
66 146
66 157
66 158
66 166
66 196
66 197
66 198
66 199
66 200
66 201
66 202
66 203
66 204
66 205
67 6
67 22
67 24
67 25
67 26
67 33
67 39
67 47
67 54
67 55
67 57
67 65
67 66
67 68
67 69
67 70
67 71
67 72
67 73
67 74
67 75
67 76
67 77
67 77
67 78
67 79
67 80
67 81
67 82
67 83
67 102
67 105
67 107
67 110
67 146
67 158
67 160
67 168
67 170
67 174
67 186
67 187
67 203
67 219
67 229
67 239
67 246
67 250
67 251
67 253
67 258
67 258
67 265
67 272
67 282
67 296
68 12
68 22
68 31
68 42
68 47
68 65
68 66
68 67
68 69
68 70
68 71
68 72
68 73
68 74
68 75
68 76
68 77
68 78
68 79
68 80
68 81
68 82
68 83
68 93
68 106
68 110
68 120
68 124
68 135
68 146
68 161
68 162
68 185
68 187
68 194
68 195
68 206
68 207
68 208
68 209
68 210
68 211
68 212
68 213
68 214
68 215
68 217
68 259
68 260
68 269
68 270
68 271
68 272
69 47
69 65
69 66
69 67
69 68
69 70
69 71
69 72
69 73
69 74
69 75
69 76
69 77
69 78
69 79
69 80
69 81
69 82
69 83
70 47
70 65
70 66
70 67
70 68
70 69
70 71
70 72
70 73
70 74
70 75
70 76
70 77
70 78
70 79
70 80
70 81
70 82
70 83
71 9
71 13
71 16
71 19
71 21
71 25
71 31
71 41
71 45
71 47
71 65
71 66
71 67
71 68
71 69
71 70
71 72
71 73
71 74
71 75
71 76
71 77
71 78
71 79
71 80
71 81
71 82
71 83
71 88
71 91
71 134
71 135
71 161
71 183
71 184
71 186
71 189
71 190
71 191
71 192
71 193
71 194
71 195
71 199
71 223
71 225
71 232
71 233
71 234
71 235
71 236
71 237
71 238
71 239
71 240
72 2
72 14
72 32
72 40
72 47
72 59
72 65
72 66
72 66
72 67
72 68
72 69
72 70
72 71
72 73
72 74
72 75
72 75
72 76
72 76
72 77
72 78
72 79
72 80
72 80
72 81
72 82
72 83
72 94
72 95
72 126
72 127
72 128
72 129
72 130
72 131
72 132
72 133
72 134
72 135
72 136
72 138
72 139
72 157
72 158
72 166
72 196
72 197
72 198
72 199
72 200
72 201
72 202
72 203
72 204
72 205
73 42
73 47
73 52
73 53
73 65
73 66
73 67
73 68
73 69
73 70
73 71
73 72
73 74
73 75
73 76
73 77
73 78
73 79
73 80
73 81
73 82
73 83
73 164
73 165
73 185
73 191
73 202
73 227
73 238
73 245
73 274
73 289
73 290
74 47
74 65
74 66
74 67
74 68
74 69
74 70
74 71
74 72
74 73
74 75
74 76
74 77
74 78
74 79
74 80
74 81
74 82
74 83
75 2
75 32
75 40
75 47
75 55
75 59
75 65
75 66
75 67
75 68
75 69
75 70
75 71
75 72
75 72
75 73
75 74
75 76
75 76
75 77
75 78
75 79
75 80
75 80
75 81
75 82
75 83
75 86
75 97
75 99
75 113
75 118
75 126
75 127
75 128
75 129
75 130
75 131
75 132
75 133
75 134
75 135
75 136
75 137
75 151
75 166
75 202
75 209
75 242
75 264
75 276
75 286
75 287
75 291
75 292
76 2
76 32
76 37
76 40
76 40
76 47
76 53
76 59
76 65
76 66
76 67
76 68
76 69
76 70
76 71
76 72
76 72
76 73
76 74
76 75
76 75
76 77
76 78
76 79
76 80
76 80
76 81
76 82
76 83
76 126
76 127
76 128
76 129
76 130
76 131
76 132
76 133
76 133
76 134
76 135
76 136
76 152
76 157
76 158
76 160
76 175
76 205
76 238
76 240
76 290
76 293
76 294
76 295
77 6
77 22
77 24
77 26
77 47
77 54
77 65
77 66
77 67
77 67
77 68
77 69
77 70
77 71
77 72
77 73
77 74
77 75
77 76
77 78
77 79
77 80
77 81
77 82
77 83
77 105
77 107
77 110
77 160
77 170
77 186
77 203
77 219
77 250
77 253
77 258
77 296
78 18
78 47
78 63
78 65
78 66
78 67
78 68
78 69
78 70
78 71
78 72
78 73
78 74
78 75
78 76
78 77
78 79
78 80
78 81
78 81
78 82
78 82
78 83
78 100
78 121
78 124
78 125
78 148
78 159
78 160
78 161
78 162
78 163
78 164
78 165
78 166
78 167
78 168
79 31
79 47
79 65
79 66
79 66
79 67
79 68
79 69
79 70
79 71
79 72
79 73
79 74
79 75
79 76
79 77
79 78
79 80
79 81
79 82
79 83
79 83
79 91
79 127
79 133
79 137
79 138
79 139
79 140
79 141
79 142
79 143
79 144
79 145
79 146
80 2
80 32
80 40
80 47
80 59
80 65
80 66
80 67
80 68
80 69
80 70
80 71
80 72
80 72
80 73
80 74
80 75
80 75
80 76
80 76
80 77
80 78
80 79
80 81
80 82
80 83
80 126
80 127
80 128
80 129
80 130
80 131
80 132
80 133
80 134
80 135
80 136
81 18
81 47
81 63
81 65
81 66
81 67
81 68
81 69
81 70
81 71
81 72
81 73
81 74
81 75
81 76
81 77
81 78
81 78
81 79
81 80
81 82
81 82
81 83
81 100
81 121
81 124
81 125
81 148
81 159
81 160
81 161
81 162
81 163
81 164
81 165
81 166
81 167
81 168
82 7
82 18
82 30
82 47
82 63
82 65
82 66
82 67
82 68
82 69
82 70
82 71
82 72
82 73
82 74
82 75
82 76
82 77
82 78
82 78
82 79
82 80
82 81
82 81
82 83
82 88
82 100
82 100
82 102
82 112
82 113
82 114
82 115
82 116
82 117
82 118
82 119
82 120
82 121
82 121
82 122
82 123
82 124
82 124
82 125
82 125
82 148
82 159
82 160
82 161
82 162
82 163
82 164
82 165
82 166
82 167
82 168
83 31
83 47
83 65
83 66
83 66
83 67
83 68
83 69
83 70
83 71
83 72
83 73
83 74
83 75
83 76
83 77
83 78
83 79
83 79
83 80
83 81
83 82
83 91
83 127
83 133
83 137
83 138
83 139
83 140
83 141
83 142
83 143
83 144
83 145
83 146
84 23
84 60
84 85
84 86
84 87
84 88
84 89
84 90
84 91
84 92
84 93
84 94
84 95
84 96
84 97
84 98
84 99
84 100
85 4
85 8
85 22
85 23
85 60
85 84
85 86
85 87
85 88
85 89
85 90
85 91
85 92
85 93
85 94
85 94
85 95
85 96
85 97
85 98
85 99
85 100
85 101
85 102
85 103
85 104
85 105
85 106
85 107
85 108
85 109
85 110
85 111
86 23
86 55
86 60
86 75
86 84
86 85
86 87
86 88
86 89
86 90
86 91
86 92
86 93
86 94
86 95
86 96
86 97
86 97
86 98
86 99
86 99
86 100
86 113
86 118
86 137
86 151
86 166
86 202
86 209
86 242
86 264
86 276
86 286
86 287
86 291
86 292
87 5
87 23
87 51
87 57
87 60
87 63
87 64
87 84
87 85
87 86
87 88
87 89
87 90
87 91
87 92
87 93
87 93
87 94
87 95
87 96
87 97
87 98
87 99
87 100
87 106
87 108
87 109
87 125
87 154
87 182
87 201
87 256
87 260
87 283
87 284
88 7
88 9
88 16
88 23
88 30
88 60
88 71
88 82
88 84
88 85
88 86
88 87
88 89
88 90
88 91
88 92
88 93
88 94
88 95
88 96
88 97
88 98
88 99
88 100
88 100
88 102
88 112
88 113
88 114
88 115
88 116
88 117
88 118
88 119
88 120
88 121
88 122
88 123
88 124
88 125
88 161
88 184
88 186
88 199
88 223
88 225
88 232
88 233
88 234
88 235
88 236
88 237
88 238
88 239
88 240
89 6
89 10
89 23
89 35
89 46
89 58
89 60
89 84
89 85
89 86
89 87
89 88
89 90
89 91
89 92
89 93
89 94
89 95
89 96
89 97
89 98
89 99
89 100
89 138
89 140
89 169
89 170
89 171
89 172
89 173
89 174
89 175
89 176
89 177
89 178
90 23
90 60
90 84
90 85
90 86
90 87
90 88
90 89
90 91
90 92
90 93
90 94
90 95
90 96
90 97
90 98
90 99
90 100
91 13
91 19
91 21
91 23
91 25
91 31
91 31
91 41
91 45
91 60
91 66
91 71
91 79
91 83
91 84
91 85
91 86
91 87
91 88
91 89
91 90
91 92
91 93
91 94
91 95
91 96
91 97
91 98
91 99
91 100
91 127
91 133
91 134
91 135
91 137
91 138
91 139
91 140
91 141
91 142
91 143
91 144
91 145
91 146
91 183
91 189
91 190
91 191
91 192
91 193
91 194
91 195
92 23
92 23
92 60
92 84
92 85
92 86
92 87
92 88
92 89
92 90
92 91
92 93
92 94
92 95
92 96
92 97
92 98
92 99
92 100
92 121
92 128
92 139
92 163
92 174
92 205
92 214
92 226
92 227
92 228
92 229
92 230
92 231
93 5
93 23
93 31
93 42
93 51
93 57
93 60
93 63
93 64
93 68
93 84
93 85
93 86
93 87
93 87
93 88
93 89
93 90
93 91
93 92
93 94
93 95
93 96
93 97
93 98
93 99
93 100
93 106
93 108
93 109
93 110
93 125
93 146
93 154
93 161
93 182
93 187
93 201
93 206
93 207
93 208
93 209
93 210
93 211
93 212
93 213
93 214
93 215
93 256
93 260
93 283
93 284
94 4
94 8
94 14
94 22
94 23
94 60
94 66
94 72
94 84
94 85
94 85
94 86
94 87
94 88
94 89
94 90
94 91
94 92
94 93
94 95
94 95
94 96
94 97
94 98
94 99
94 100
94 101
94 102
94 103
94 104
94 105
94 106
94 107
94 108
94 109
94 110
94 111
94 138
94 139
94 157
94 158
94 166
94 196
94 197
94 198
94 199
94 200
94 201
94 202
94 203
94 204
94 205
95 14
95 14
95 23
95 26
95 30
95 36
95 58
95 60
95 66
95 72
95 84
95 85
95 86
95 87
95 88
95 89
95 90
95 91
95 92
95 93
95 94
95 94
95 96
95 97
95 98
95 99
95 100
95 115
95 122
95 123
95 138
95 139
95 157
95 158
95 166
95 167
95 190
95 196
95 197
95 198
95 199
95 200
95 201
95 202
95 203
95 204
95 205
95 237
95 255
95 256
95 257
95 258
95 259
95 260
95 261
95 262
96 11
96 15
96 23
96 28
96 29
96 51
96 60
96 64
96 84
96 85
96 86
96 87
96 88
96 89
96 90
96 91
96 92
96 93
96 94
96 95
96 97
96 98
96 98
96 99
96 100
96 111
96 116
96 119
96 120
96 151
96 153
96 155
96 160
96 174
96 193
96 200
96 211
96 220
96 227
96 238
96 238
96 274
96 275
96 276
96 277
96 278
96 279
96 280
96 281
96 285
96 286
96 287
96 288
97 23
97 55
97 60
97 75
97 84
97 85
97 86
97 86
97 87
97 88
97 89
97 90
97 91
97 92
97 93
97 94
97 95
97 96
97 98
97 99
97 99
97 100
97 113
97 118
97 137
97 151
97 166
97 202
97 209
97 242
97 264
97 276
97 286
97 287
97 291
97 292
98 3
98 5
98 15
98 23
98 28
98 51
98 60
98 84
98 85
98 86
98 87
98 88
98 89
98 90
98 91
98 92
98 93
98 94
98 95
98 96
98 96
98 97
98 99
98 100
98 120
98 133
98 136
98 151
98 153
98 171
98 178
98 188
98 208
98 212
98 219
98 220
98 238
98 239
98 242
98 271
98 273
98 274
98 274
98 275
98 276
98 276
98 277
98 278
98 279
98 280
98 281
99 23
99 55
99 60
99 75
99 84
99 85
99 86
99 86
99 87
99 88
99 89
99 90
99 91
99 92
99 93
99 94
99 95
99 96
99 97
99 97
99 98
99 100
99 113
99 118
99 137
99 151
99 166
99 202
99 209
99 242
99 264
99 276
99 286
99 287
99 291
99 292
100 7
100 18
100 23
100 30
100 60
100 63
100 78
100 81
100 82
100 82
100 84
100 85
100 86
100 87
100 88
100 88
100 89
100 90
100 91
100 92
100 93
100 94
100 95
100 96
100 97
100 98
100 99
100 102
100 112
100 113
100 114
100 115
100 116
100 117
100 118
100 119
100 120
100 121
100 121
100 122
100 123
100 124
100 124
100 125
100 125
100 148
100 159
100 160
100 161
100 162
100 163
100 164
100 165
100 166
100 167
100 168
101 4
101 8
101 22
101 85
101 94
101 102
101 103
101 104
101 105
101 106
101 107
101 108
101 109
101 110
101 111
102 4
102 7
102 8
102 22
102 25
102 30
102 33
102 39
102 55
102 57
102 67
102 82
102 85
102 88
102 94
102 100
102 101
102 103
102 104
102 105
102 106
102 107
102 108
102 109
102 110
102 111
102 112
102 113
102 114
102 115
102 116
102 117
102 118
102 119
102 120
102 121
102 122
102 123
102 124
102 125
102 146
102 158
102 168
102 174
102 187
102 229
102 239
102 246
102 251
102 258
102 265
102 272
102 282
103 4
103 8
103 22
103 85
103 94
103 101
103 102
103 104
103 105
103 106
103 107
103 108
103 109
103 110
103 111
104 4
104 8
104 22
104 85
104 94
104 101
104 102
104 103
104 105
104 106
104 107
104 108
104 109
104 110
104 111
105 4
105 6
105 8
105 22
105 22
105 24
105 26
105 54
105 67
105 77
105 85
105 94
105 101
105 102
105 103
105 104
105 106
105 107
105 107
105 108
105 109
105 110
105 110
105 111
105 160
105 170
105 186
105 203
105 219
105 250
105 253
105 258
105 296
106 4
106 5
106 8
106 12
106 22
106 22
106 51
106 57
106 63
106 64
106 68
106 85
106 87
106 93
106 94
106 101
106 102
106 103
106 104
106 105
106 107
106 108
106 108
106 109
106 109
106 110
106 111
106 120
106 124
106 125
106 135
106 154
106 162
106 182
106 185
106 194
106 195
106 201
106 217
106 256
106 259
106 260
106 260
106 269
106 270
106 271
106 272
106 283
106 284
107 4
107 6
107 8
107 22
107 22
107 24
107 26
107 54
107 67
107 77
107 85
107 94
107 101
107 102
107 103
107 104
107 105
107 105
107 106
107 108
107 109
107 110
107 110
107 111
107 160
107 170
107 186
107 203
107 219
107 250
107 253
107 258
107 296
108 4
108 5
108 8
108 22
108 51
108 57
108 63
108 64
108 85
108 87
108 93
108 94
108 101
108 102
108 103
108 104
108 105
108 106
108 106
108 107
108 109
108 109
108 110
108 111
108 125
108 154
108 182
108 201
108 256
108 260
108 283
108 284
109 4
109 5
109 8
109 22
109 51
109 57
109 63
109 64
109 85
109 87
109 93
109 94
109 101
109 102
109 103
109 104
109 105
109 106
109 106
109 107
109 108
109 108
109 110
109 111
109 125
109 154
109 182
109 201
109 256
109 260
109 283
109 284
110 4
110 6
110 8
110 22
110 22
110 24
110 26
110 31
110 42
110 54
110 67
110 68
110 77
110 85
110 93
110 94
110 101
110 102
110 103
110 104
110 105
110 105
110 106
110 107
110 107
110 108
110 109
110 111
110 146
110 160
110 161
110 170
110 186
110 187
110 203
110 206
110 207
110 208
110 209
110 210
110 211
110 212
110 213
110 214
110 215
110 219
110 250
110 253
110 258
110 296
111 4
111 8
111 11
111 22
111 29
111 64
111 85
111 94
111 96
111 101
111 102
111 103
111 104
111 105
111 106
111 107
111 108
111 109
111 110
111 116
111 119
111 155
111 160
111 174
111 193
111 200
111 211
111 227
111 238
111 275
111 285
111 286
111 287
111 288
112 7
112 30
112 82
112 88
112 100
112 102
112 113
112 114
112 115
112 116
112 117
112 118
112 119
112 120
112 121
112 122
112 123
112 124
112 125
113 7
113 30
113 55
113 75
113 82
113 86
113 88
113 97
113 99
113 100
113 102
113 112
113 114
113 115
113 116
113 117
113 118
113 118
113 119
113 120
113 121
113 122
113 123
113 124
113 125
113 137
113 151
113 166
113 202
113 209
113 242
113 264
113 276
113 286
113 287
113 291
113 292
114 7
114 8
114 15
114 25
114 28
114 30
114 31
114 32
114 41
114 63
114 82
114 88
114 100
114 102
114 112
114 113
114 115
114 116
114 117
114 118
114 119
114 120
114 120
114 121
114 122
114 123
114 124
114 125
114 147
114 148
114 149
114 150
114 151
114 152
114 153
114 154
114 155
114 155
114 156
114 157
114 158
114 173
114 181
114 190
114 191
114 208
114 209
114 241
114 242
114 243
114 244
114 245
114 246
114 247
115 7
115 14
115 26
115 30
115 30
115 36
115 58
115 82
115 88
115 95
115 100
115 102
115 112
115 113
115 114
115 116
115 117
115 118
115 119
115 120
115 121
115 122
115 122
115 123
115 123
115 124
115 125
115 167
115 190
115 237
115 255
115 256
115 257
115 258
115 259
115 260
115 261
115 262
116 7
116 11
116 29
116 30
116 64
116 82
116 88
116 96
116 100
116 102
116 111
116 112
116 113
116 114
116 115
116 117
116 118
116 119
116 119
116 120
116 121
116 122
116 123
116 124
116 125
116 155
116 160
116 174
116 193
116 200
116 211
116 227
116 238
116 275
116 285
116 286
116 287
116 288
117 7
117 30
117 82
117 88
117 100
117 102
117 112
117 113
117 114
117 115
117 116
117 118
117 118
117 119
117 120
117 121
117 122
117 123
117 124
117 125
117 139
117 142
117 164
117 165
117 205
117 207
117 222
117 224
117 262
117 263
117 264
117 265
117 266
117 267
117 268
118 7
118 30
118 55
118 75
118 82
118 86
118 88
118 97
118 99
118 100
118 102
118 112
118 113
118 113
118 114
118 115
118 116
118 117
118 117
118 119
118 120
118 121
118 122
118 123
118 124
118 125
118 137
118 139
118 142
118 151
118 164
118 165
118 166
118 202
118 205
118 207
118 209
118 222
118 224
118 242
118 262
118 263
118 264
118 264
118 265
118 266
118 267
118 268
118 276
118 286
118 287
118 291
118 292
119 7
119 11
119 29
119 30
119 64
119 82
119 88
119 96
119 100
119 102
119 111
119 112
119 113
119 114
119 115
119 116
119 116
119 117
119 118
119 120
119 121
119 122
119 123
119 124
119 125
119 155
119 160
119 174
119 193
119 200
119 211
119 227
119 238
119 275
119 285
119 286
119 287
119 288
120 7
120 12
120 15
120 15
120 22
120 25
120 28
120 28
120 30
120 32
120 51
120 63
120 68
120 82
120 88
120 96
120 98
120 100
120 102
120 106
120 112
120 113
120 114
120 114
120 115
120 116
120 117
120 118
120 119
120 121
120 122
120 123
120 124
120 124
120 125
120 135
120 147
120 148
120 149
120 150
120 151
120 151
120 152
120 153
120 153
120 154
120 155
120 156
120 157
120 158
120 162
120 185
120 194
120 195
120 217
120 220
120 238
120 259
120 260
120 269
120 270
120 271
120 272
120 274
120 276
120 277
120 278
120 279
120 280
120 281
121 7
121 11
121 18
121 23
121 24
121 30
121 63
121 78
121 81
121 82
121 82
121 88
121 92
121 100
121 100
121 102
121 112
121 113
121 114
121 115
121 116
121 117
121 118
121 119
121 120
121 122
121 123
121 124
121 124
121 124
121 125
121 125
121 128
121 139
121 144
121 148
121 153
121 159
121 160
121 161
121 162
121 163
121 163
121 164
121 165
121 166
121 167
121 168
121 174
121 175
121 181
121 205
121 211
121 214
121 216
121 217
121 218
121 219
121 220
121 221
121 222
121 223
121 224
121 225
121 226
121 227
121 228
121 229
121 230
121 231
122 7
122 14
122 26
122 30
122 30
122 36
122 58
122 82
122 88
122 95
122 100
122 102
122 112
122 113
122 114
122 115
122 115
122 116
122 117
122 118
122 119
122 120
122 121
122 123
122 123
122 124
122 125
122 167
122 190
122 237
122 255
122 256
122 257
122 258
122 259
122 260
122 261
122 262
123 7
123 14
123 26
123 30
123 30
123 36
123 58
123 82
123 88
123 95
123 100
123 102
123 112
123 113
123 114
123 115
123 115
123 116
123 117
123 118
123 119
123 120
123 121
123 122
123 122
123 124
123 125
123 167
123 190
123 237
123 255
123 256
123 257
123 258
123 259
123 260
123 261
123 262
124 7
124 11
124 12
124 18
124 22
124 24
124 30
124 63
124 68
124 78
124 81
124 82
124 82
124 88
124 100
124 100
124 102
124 106
124 112
124 113
124 114
124 115
124 116
124 117
124 118
124 119
124 120
124 120
124 121
124 121
124 121
124 122
124 123
124 125
124 125
124 135
124 144
124 148
124 153
124 159
124 160
124 161
124 162
124 162
124 163
124 164
124 165
124 166
124 167
124 168
124 175
124 181
124 185
124 194
124 195
124 211
124 216
124 217
124 217
124 218
124 219
124 220
124 221
124 222
124 223
124 224
124 225
124 259
124 260
124 269
124 270
124 271
124 272
125 5
125 7
125 18
125 30
125 51
125 57
125 63
125 63
125 64
125 78
125 81
125 82
125 82
125 87
125 88
125 93
125 100
125 100
125 102
125 106
125 108
125 109
125 112
125 113
125 114
125 115
125 116
125 117
125 118
125 119
125 120
125 121
125 121
125 122
125 123
125 124
125 124
125 148
125 154
125 159
125 160
125 161
125 162
125 163
125 164
125 165
125 166
125 167
125 168
125 182
125 201
125 256
125 260
125 283
125 284
126 2
126 32
126 40
126 59
126 72
126 75
126 76
126 80
126 127
126 128
126 129
126 130
126 131
126 132
126 133
126 134
126 135
126 136
127 2
127 31
127 32
127 40
127 59
127 66
127 72
127 75
127 76
127 79
127 80
127 83
127 91
127 126
127 128
127 129
127 130
127 131
127 132
127 133
127 133
127 134
127 135
127 136
127 137
127 138
127 139
127 140
127 141
127 142
127 143
127 144
127 145
127 146
128 2
128 23
128 32
128 40
128 59
128 72
128 75
128 76
128 80
128 92
128 121
128 126
128 127
128 129
128 130
128 131
128 132
128 133
128 134
128 135
128 136
128 139
128 163
128 174
128 205
128 214
128 226
128 227
128 228
128 229
128 230
128 231
129 2
129 32
129 40
129 59
129 72
129 75
129 76
129 80
129 126
129 127
129 128
129 130
129 131
129 132
129 133
129 134
129 135
129 136
130 2
130 32
130 40
130 59
130 72
130 75
130 76
130 80
130 126
130 127
130 128
130 129
130 131
130 132
130 133
130 134
130 135
130 136
131 2
131 32
131 40
131 59
131 72
131 75
131 76
131 80
131 126
131 127
131 128
131 129
131 130
131 132
131 133
131 134
131 135
131 136
132 2
132 32
132 40
132 59
132 72
132 75
132 76
132 80
132 126
132 127
132 128
132 129
132 130
132 131
132 133
132 134
132 135
132 136
133 2
133 3
133 5
133 31
133 32
133 37
133 40
133 40
133 53
133 59
133 66
133 72
133 75
133 76
133 76
133 79
133 80
133 83
133 91
133 98
133 126
133 127
133 127
133 128
133 129
133 130
133 131
133 132
133 134
133 135
133 136
133 136
133 137
133 138
133 139
133 140
133 141
133 142
133 143
133 144
133 145
133 146
133 152
133 157
133 158
133 160
133 171
133 175
133 178
133 188
133 205
133 208
133 212
133 219
133 238
133 239
133 240
133 242
133 271
133 273
133 274
133 275
133 276
133 290
133 293
133 294
133 295
134 2
134 13
134 19
134 21
134 25
134 31
134 32
134 40
134 41
134 45
134 59
134 71
134 72
134 75
134 76
134 80
134 91
134 126
134 127
134 128
134 129
134 130
134 131
134 132
134 133
134 135
134 135
134 136
134 183
134 189
134 190
134 191
134 192
134 193
134 194
134 195
135 2
135 12
135 13
135 19
135 21
135 22
135 25
135 31
135 32
135 40
135 41
135 45
135 59
135 68
135 71
135 72
135 75
135 76
135 80
135 91
135 106
135 120
135 124
135 126
135 127
135 128
135 129
135 130
135 131
135 132
135 133
135 134
135 134
135 136
135 162
135 183
135 185
135 189
135 190
135 191
135 192
135 193
135 194
135 194
135 195
135 195
135 217
135 259
135 260
135 269
135 270
135 271
135 272
136 2
136 3
136 5
136 32
136 40
136 59
136 72
136 75
136 76
136 80
136 98
136 126
136 127
136 128
136 129
136 130
136 131
136 132
136 133
136 133
136 134
136 135
136 171
136 178
136 188
136 208
136 212
136 219
136 239
136 242
136 271
136 273
136 274
136 275
136 276
137 31
137 55
137 66
137 75
137 79
137 83
137 86
137 91
137 97
137 99
137 113
137 118
137 127
137 133
137 138
137 139
137 140
137 141
137 142
137 143
137 144
137 145
137 146
137 151
137 166
137 202
137 209
137 242
137 264
137 276
137 286
137 287
137 291
137 292
138 6
138 10
138 14
138 31
138 35
138 46
138 58
138 66
138 66
138 72
138 79
138 83
138 89
138 91
138 94
138 95
138 127
138 133
138 137
138 139
138 139
138 140
138 140
138 141
138 142
138 143
138 144
138 145
138 146
138 157
138 158
138 166
138 169
138 170
138 171
138 172
138 173
138 174
138 175
138 176
138 177
138 178
138 196
138 197
138 198
138 199
138 200
138 201
138 202
138 203
138 204
138 205
139 14
139 23
139 31
139 66
139 66
139 72
139 79
139 83
139 91
139 92
139 94
139 95
139 117
139 118
139 121
139 127
139 128
139 133
139 137
139 138
139 138
139 140
139 141
139 142
139 142
139 143
139 144
139 145
139 146
139 157
139 158
139 163
139 164
139 165
139 166
139 174
139 196
139 197
139 198
139 199
139 200
139 201
139 202
139 203
139 204
139 205
139 205
139 205
139 207
139 214
139 222
139 224
139 226
139 227
139 228
139 229
139 230
139 231
139 262
139 263
139 264
139 265
139 266
139 267
139 268
140 6
140 10
140 31
140 35
140 46
140 58
140 66
140 79
140 83
140 89
140 91
140 127
140 133
140 137
140 138
140 138
140 139
140 141
140 142
140 143
140 144
140 145
140 146
140 169
140 170
140 171
140 172
140 173
140 174
140 175
140 176
140 177
140 178
141 13
141 17
141 31
141 32
141 48
141 66
141 79
141 83
141 91
141 127
141 133
141 137
141 138
141 139
141 140
141 142
141 143
141 144
141 145
141 146
141 156
141 162
141 192
141 200
141 210
141 213
141 248
141 249
141 250
141 251
141 252
141 253
141 254
142 31
142 66
142 79
142 83
142 91
142 117
142 118
142 127
142 133
142 137
142 138
142 139
142 139
142 140
142 141
142 143
142 144
142 145
142 146
142 164
142 165
142 205
142 207
142 222
142 224
142 262
142 263
142 264
142 265
142 266
142 267
142 268
143 31
143 66
143 79
143 83
143 91
143 127
143 133
143 137
143 138
143 139
143 140
143 141
143 142
143 144
143 145
143 146
144 11
144 24
144 31
144 66
144 79
144 83
144 91
144 121
144 124
144 127
144 133
144 137
144 138
144 139
144 140
144 141
144 142
144 143
144 145
144 146
144 153
144 175
144 181
144 211
144 216
144 217
144 218
144 219
144 220
144 221
144 222
144 223
144 224
144 225
145 9
145 18
145 31
145 44
145 66
145 79
145 83
145 91
145 127
145 133
145 137
145 138
145 139
145 140
145 141
145 142
145 143
145 144
145 146
145 150
145 167
145 176
145 179
145 180
145 181
145 182
145 183
145 184
145 185
145 186
145 187
145 188
146 25
146 31
146 31
146 33
146 39
146 42
146 55
146 57
146 66
146 67
146 68
146 79
146 83
146 91
146 93
146 102
146 110
146 127
146 133
146 137
146 138
146 139
146 140
146 141
146 142
146 143
146 144
146 145
146 158
146 161
146 168
146 174
146 187
146 187
146 206
146 207
146 208
146 209
146 210
146 211
146 212
146 213
146 214
146 215
146 229
146 239
146 246
146 251
146 258
146 265
146 272
146 282
147 15
147 25
147 28
147 32
147 63
147 114
147 120
147 148
147 149
147 150
147 151
147 152
147 153
147 154
147 155
147 156
147 157
147 158
148 15
148 18
148 25
148 28
148 32
148 63
148 63
148 78
148 81
148 82
148 100
148 114
148 120
148 121
148 124
148 125
148 147
148 149
148 150
148 151
148 152
148 153
148 154
148 155
148 156
148 157
148 158
148 159
148 160
148 161
148 162
148 163
148 164
148 165
148 166
148 167
148 168
149 15
149 25
149 28
149 32
149 63
149 114
149 120
149 147
149 148
149 150
149 151
149 152
149 153
149 154
149 155
149 156
149 157
149 158
150 9
150 15
150 18
150 25
150 28
150 32
150 44
150 63
150 114
150 120
150 145
150 147
150 148
150 149
150 151
150 152
150 153
150 154
150 155
150 156
150 157
150 158
150 167
150 176
150 179
150 180
150 181
150 182
150 183
150 184
150 185
150 186
150 187
150 188
151 15
151 15
151 25
151 28
151 28
151 32
151 51
151 55
151 63
151 75
151 86
151 96
151 97
151 98
151 99
151 113
151 114
151 118
151 120
151 120
151 137
151 147
151 148
151 149
151 150
151 152
151 153
151 153
151 154
151 155
151 156
151 157
151 158
151 166
151 202
151 209
151 220
151 238
151 242
151 264
151 274
151 276
151 276
151 277
151 278
151 279
151 280
151 281
151 286
151 287
151 291
151 292
152 15
152 25
152 28
152 32
152 37
152 40
152 53
152 63
152 76
152 114
152 120
152 133
152 147
152 148
152 149
152 150
152 151
152 153
152 154
152 155
152 156
152 157
152 157
152 158
152 158
152 160
152 175
152 205
152 238
152 240
152 290
152 293
152 294
152 295
153 11
153 15
153 15
153 24
153 25
153 28
153 28
153 32
153 51
153 63
153 96
153 98
153 114
153 120
153 120
153 121
153 124
153 144
153 147
153 148
153 149
153 150
153 151
153 151
153 152
153 154
153 155
153 156
153 157
153 158
153 175
153 181
153 211
153 216
153 217
153 218
153 219
153 220
153 220
153 221
153 222
153 223
153 224
153 225
153 238
153 274
153 276
153 277
153 278
153 279
153 280
153 281
154 5
154 15
154 25
154 28
154 32
154 51
154 57
154 63
154 63
154 64
154 87
154 93
154 106
154 108
154 109
154 114
154 120
154 125
154 147
154 148
154 149
154 150
154 151
154 152
154 153
154 155
154 156
154 157
154 158
154 182
154 201
154 256
154 260
154 283
154 284
155 8
155 11
155 15
155 25
155 28
155 29
155 31
155 32
155 41
155 63
155 64
155 96
155 111
155 114
155 114
155 116
155 119
155 120
155 147
155 148
155 149
155 150
155 151
155 152
155 153
155 154
155 156
155 157
155 158
155 160
155 173
155 174
155 181
155 190
155 191
155 193
155 200
155 208
155 209
155 211
155 227
155 238
155 241
155 242
155 243
155 244
155 245
155 246
155 247
155 275
155 285
155 286
155 287
155 288
156 13
156 15
156 17
156 25
156 28
156 32
156 32
156 48
156 63
156 114
156 120
156 141
156 147
156 148
156 149
156 150
156 151
156 152
156 153
156 154
156 155
156 157
156 158
156 162
156 192
156 200
156 210
156 213
156 248
156 249
156 250
156 251
156 252
156 253
156 254
157 14
157 15
157 25
157 28
157 32
157 37
157 40
157 53
157 63
157 66
157 72
157 76
157 94
157 95
157 114
157 120
157 133
157 138
157 139
157 147
157 148
157 149
157 150
157 151
157 152
157 152
157 153
157 154
157 155
157 156
157 158
157 158
157 158
157 160
157 166
157 175
157 196
157 197
157 198
157 199
157 200
157 201
157 202
157 203
157 204
157 205
157 205
157 238
157 240
157 290
157 293
157 294
157 295
158 14
158 15
158 25
158 25
158 28
158 32
158 33
158 37
158 39
158 40
158 53
158 55
158 57
158 63
158 66
158 67
158 72
158 76
158 94
158 95
158 102
158 114
158 120
158 133
158 138
158 139
158 146
158 147
158 148
158 149
158 150
158 151
158 152
158 152
158 153
158 154
158 155
158 156
158 157
158 157
158 157
158 160
158 166
158 168
158 174
158 175
158 187
158 196
158 197
158 198
158 199
158 200
158 201
158 202
158 203
158 204
158 205
158 205
158 229
158 238
158 239
158 240
158 246
158 251
158 258
158 265
158 272
158 282
158 290
158 293
158 294
158 295
159 18
159 63
159 78
159 81
159 82
159 100
159 121
159 124
159 125
159 148
159 160
159 161
159 162
159 163
159 164
159 165
159 166
159 167
159 168
160 6
160 11
160 18
160 22
160 24
160 26
160 29
160 37
160 40
160 53
160 54
160 63
160 64
160 67
160 76
160 77
160 78
160 81
160 82
160 96
160 100
160 105
160 107
160 110
160 111
160 116
160 119
160 121
160 124
160 125
160 133
160 148
160 152
160 155
160 157
160 158
160 159
160 161
160 162
160 163
160 164
160 165
160 166
160 167
160 168
160 170
160 174
160 175
160 186
160 193
160 200
160 203
160 205
160 211
160 219
160 227
160 238
160 238
160 240
160 250
160 253
160 258
160 275
160 285
160 286
160 287
160 288
160 290
160 293
160 294
160 295
160 296
161 9
161 16
161 18
161 31
161 42
161 63
161 68
161 71
161 78
161 81
161 82
161 88
161 93
161 100
161 110
161 121
161 124
161 125
161 146
161 148
161 159
161 160
161 162
161 163
161 164
161 165
161 166
161 167
161 168
161 184
161 186
161 187
161 199
161 206
161 207
161 208
161 209
161 210
161 211
161 212
161 213
161 214
161 215
161 223
161 225
161 232
161 233
161 234
161 235
161 236
161 237
161 238
161 239
161 240
162 12
162 13
162 17
162 18
162 22
162 32
162 48
162 63
162 68
162 78
162 81
162 82
162 100
162 106
162 120
162 121
162 124
162 124
162 125
162 135
162 141
162 148
162 156
162 159
162 160
162 161
162 163
162 164
162 165
162 166
162 167
162 168
162 185
162 192
162 194
162 195
162 200
162 210
162 213
162 217
162 248
162 249
162 250
162 251
162 252
162 253
162 254
162 259
162 260
162 269
162 270
162 271
162 272
163 18
163 23
163 63
163 78
163 81
163 82
163 92
163 100
163 121
163 121
163 124
163 125
163 128
163 139
163 148
163 159
163 160
163 161
163 162
163 164
163 165
163 166
163 167
163 168
163 174
163 205
163 214
163 226
163 227
163 228
163 229
163 230
163 231
164 18
164 42
164 52
164 53
164 63
164 73
164 78
164 81
164 82
164 100
164 117
164 118
164 121
164 124
164 125
164 139
164 142
164 148
164 159
164 160
164 161
164 162
164 163
164 165
164 165
164 165
164 166
164 167
164 168
164 185
164 191
164 202
164 205
164 207
164 222
164 224
164 227
164 238
164 245
164 262
164 263
164 264
164 265
164 266
164 267
164 268
164 274
164 289
164 290
165 18
165 42
165 52
165 53
165 63
165 73
165 78
165 81
165 82
165 100
165 117
165 118
165 121
165 124
165 125
165 139
165 142
165 148
165 159
165 160
165 161
165 162
165 163
165 164
165 164
165 164
165 166
165 167
165 168
165 185
165 191
165 202
165 205
165 207
165 222
165 224
165 227
165 238
165 245
165 262
165 263
165 264
165 265
165 266
165 267
165 268
165 274
165 289
165 290
166 14
166 18
166 55
166 63
166 66
166 72
166 75
166 78
166 81
166 82
166 86
166 94
166 95
166 97
166 99
166 100
166 113
166 118
166 121
166 124
166 125
166 137
166 138
166 139
166 148
166 151
166 157
166 158
166 159
166 160
166 161
166 162
166 163
166 164
166 165
166 167
166 168
166 196
166 197
166 198
166 199
166 200
166 201
166 202
166 202
166 203
166 204
166 205
166 209
166 242
166 264
166 276
166 286
166 287
166 291
166 292
167 9
167 14
167 18
167 18
167 26
167 30
167 36
167 44
167 58
167 63
167 78
167 81
167 82
167 95
167 100
167 115
167 121
167 122
167 123
167 124
167 125
167 145
167 148
167 150
167 159
167 160
167 161
167 162
167 163
167 164
167 165
167 166
167 168
167 176
167 179
167 180
167 181
167 182
167 183
167 184
167 185
167 186
167 187
167 188
167 190
167 237
167 255
167 256
167 257
167 258
167 259
167 260
167 261
167 262
168 18
168 25
168 33
168 39
168 55
168 57
168 63
168 67
168 78
168 81
168 82
168 100
168 102
168 121
168 124
168 125
168 146
168 148
168 158
168 159
168 160
168 161
168 162
168 163
168 164
168 165
168 166
168 167
168 174
168 187
168 229
168 239
168 246
168 251
168 258
168 265
168 272
168 282
169 6
169 10
169 35
169 46
169 58
169 89
169 138
169 140
169 170
169 171
169 172
169 173
169 174
169 175
169 176
169 177
169 178
170 6
170 6
170 10
170 22
170 24
170 26
170 35
170 46
170 54
170 58
170 67
170 77
170 89
170 105
170 107
170 110
170 138
170 140
170 160
170 169
170 171
170 172
170 173
170 174
170 175
170 176
170 177
170 178
170 186
170 203
170 219
170 250
170 253
170 258
170 296
171 3
171 5
171 6
171 10
171 35
171 46
171 58
171 89
171 98
171 133
171 136
171 138
171 140
171 169
171 170
171 172
171 173
171 174
171 175
171 176
171 177
171 178
171 178
171 188
171 208
171 212
171 219
171 239
171 242
171 271
171 273
171 274
171 275
171 276
172 6
172 10
172 35
172 46
172 58
172 89
172 138
172 140
172 169
172 170
172 171
172 173
172 174
172 175
172 176
172 177
172 178
173 6
173 8
173 10
173 31
173 35
173 41
173 46
173 58
173 89
173 114
173 138
173 140
173 155
173 169
173 170
173 171
173 172
173 174
173 175
173 176
173 177
173 178
173 181
173 190
173 191
173 208
173 209
173 241
173 242
173 243
173 244
173 245
173 246
173 247
174 6
174 10
174 11
174 23
174 25
174 29
174 33
174 35
174 39
174 46
174 55
174 57
174 58
174 64
174 67
174 89
174 92
174 96
174 102
174 111
174 116
174 119
174 121
174 128
174 138
174 139
174 140
174 146
174 155
174 158
174 160
174 163
174 168
174 169
174 170
174 171
174 172
174 173
174 175
174 176
174 177
174 178
174 187
174 193
174 200
174 205
174 211
174 214
174 226
174 227
174 227
174 228
174 229
174 229
174 230
174 231
174 238
174 239
174 246
174 251
174 258
174 265
174 272
174 275
174 282
174 285
174 286
174 287
174 288
175 6
175 10
175 11
175 24
175 35
175 37
175 40
175 46
175 53
175 58
175 76
175 89
175 121
175 124
175 133
175 138
175 140
175 144
175 152
175 153
175 157
175 158
175 160
175 169
175 170
175 171
175 172
175 173
175 174
175 176
175 177
175 178
175 181
175 205
175 211
175 216
175 217
175 218
175 219
175 220
175 221
175 222
175 223
175 224
175 225
175 238
175 240
175 290
175 293
175 294
175 295
176 6
176 9
176 10
176 18
176 35
176 44
176 46
176 58
176 89
176 138
176 140
176 145
176 150
176 167
176 169
176 170
176 171
176 172
176 173
176 174
176 175
176 177
176 178
176 179
176 180
176 181
176 182
176 183
176 184
176 185
176 186
176 187
176 188
177 6
177 10
177 35
177 46
177 58
177 89
177 138
177 140
177 169
177 170
177 171
177 172
177 173
177 174
177 175
177 176
177 178
178 3
178 5
178 6
178 10
178 35
178 46
178 58
178 89
178 98
178 133
178 136
178 138
178 140
178 169
178 170
178 171
178 171
178 172
178 173
178 174
178 175
178 176
178 177
178 188
178 208
178 212
178 219
178 239
178 242
178 271
178 273
178 274
178 275
178 276
179 9
179 18
179 44
179 145
179 150
179 167
179 176
179 180
179 181
179 182
179 183
179 184
179 185
179 186
179 187
179 188
180 9
180 18
180 44
180 145
180 150
180 167
180 176
180 179
180 181
180 182
180 183
180 184
180 185
180 186
180 187
180 188
181 8
181 9
181 11
181 18
181 24
181 31
181 41
181 44
181 114
181 121
181 124
181 144
181 145
181 150
181 153
181 155
181 167
181 173
181 175
181 176
181 179
181 180
181 182
181 183
181 184
181 185
181 186
181 187
181 188
181 190
181 191
181 208
181 209
181 211
181 216
181 217
181 218
181 219
181 220
181 221
181 222
181 223
181 224
181 225
181 241
181 242
181 243
181 244
181 245
181 246
181 247
182 5
182 9
182 18
182 44
182 51
182 57
182 63
182 64
182 87
182 93
182 106
182 108
182 109
182 125
182 145
182 150
182 154
182 167
182 176
182 179
182 180
182 181
182 183
182 184
182 185
182 186
182 187
182 188
182 201
182 256
182 260
182 283
182 284
183 9
183 13
183 18
183 19
183 21
183 25
183 31
183 41
183 44
183 45
183 71
183 91
183 134
183 135
183 145
183 150
183 167
183 176
183 179
183 180
183 181
183 182
183 184
183 185
183 186
183 187
183 188
183 189
183 190
183 191
183 192
183 193
183 194
183 195
184 9
184 9
184 16
184 18
184 44
184 71
184 88
184 145
184 150
184 161
184 167
184 176
184 179
184 180
184 181
184 182
184 183
184 185
184 186
184 186
184 187
184 188
184 199
184 223
184 225
184 232
184 233
184 234
184 235
184 236
184 237
184 238
184 239
184 240
185 9
185 12
185 18
185 22
185 42
185 44
185 52
185 53
185 68
185 73
185 106
185 120
185 124
185 135
185 145
185 150
185 162
185 164
185 165
185 167
185 176
185 179
185 180
185 181
185 182
185 183
185 184
185 186
185 187
185 188
185 191
185 194
185 195
185 202
185 217
185 227
185 238
185 245
185 259
185 260
185 269
185 270
185 271
185 272
185 274
185 289
185 290
186 6
186 9
186 9
186 16
186 18
186 22
186 24
186 26
186 44
186 54
186 67
186 71
186 77
186 88
186 105
186 107
186 110
186 145
186 150
186 160
186 161
186 167
186 170
186 176
186 179
186 180
186 181
186 182
186 183
186 184
186 184
186 185
186 187
186 188
186 199
186 203
186 219
186 223
186 225
186 232
186 233
186 234
186 235
186 236
186 237
186 238
186 239
186 240
186 250
186 253
186 258
186 296
187 9
187 18
187 25
187 31
187 33
187 39
187 42
187 44
187 55
187 57
187 67
187 68
187 93
187 102
187 110
187 145
187 146
187 146
187 150
187 158
187 161
187 167
187 168
187 174
187 176
187 179
187 180
187 181
187 182
187 183
187 184
187 185
187 186
187 188
187 206
187 207
187 208
187 209
187 210
187 211
187 212
187 213
187 214
187 215
187 229
187 239
187 246
187 251
187 258
187 265
187 272
187 282
188 3
188 5
188 9
188 18
188 44
188 98
188 133
188 136
188 145
188 150
188 167
188 171
188 176
188 178
188 179
188 180
188 181
188 182
188 183
188 184
188 185
188 186
188 187
188 208
188 212
188 219
188 239
188 242
188 271
188 273
188 274
188 275
188 276
189 13
189 19
189 21
189 25
189 31
189 41
189 45
189 71
189 91
189 134
189 135
189 183
189 190
189 191
189 192
189 193
189 194
189 195
190 8
190 13
190 14
190 19
190 21
190 25
190 26
190 30
190 31
190 31
190 36
190 41
190 41
190 45
190 58
190 71
190 91
190 95
190 114
190 115
190 122
190 123
190 134
190 135
190 155
190 167
190 173
190 181
190 183
190 189
190 191
190 191
190 192
190 193
190 194
190 195
190 208
190 209
190 237
190 241
190 242
190 243
190 244
190 245
190 246
190 247
190 255
190 256
190 257
190 258
190 259
190 260
190 261
190 262
191 8
191 13
191 19
191 21
191 25
191 31
191 31
191 41
191 41
191 42
191 45
191 52
191 53
191 71
191 73
191 91
191 114
191 134
191 135
191 155
191 164
191 165
191 173
191 181
191 183
191 185
191 189
191 190
191 190
191 192
191 193
191 194
191 195
191 202
191 208
191 209
191 227
191 238
191 241
191 242
191 243
191 244
191 245
191 245
191 246
191 247
191 274
191 289
191 290
192 13
192 13
192 17
192 19
192 21
192 25
192 31
192 32
192 41
192 45
192 48
192 71
192 91
192 134
192 135
192 141
192 156
192 162
192 183
192 189
192 190
192 191
192 193
192 194
192 195
192 200
192 210
192 213
192 248
192 249
192 250
192 251
192 252
192 253
192 254
193 11
193 13
193 19
193 21
193 25
193 29
193 31
193 41
193 45
193 64
193 71
193 91
193 96
193 111
193 116
193 119
193 134
193 135
193 155
193 160
193 174
193 183
193 189
193 190
193 191
193 192
193 194
193 195
193 200
193 211
193 227
193 238
193 275
193 285
193 286
193 287
193 288
194 12
194 13
194 19
194 21
194 22
194 25
194 31
194 41
194 45
194 68
194 71
194 91
194 106
194 120
194 124
194 134
194 135
194 135
194 162
194 183
194 185
194 189
194 190
194 191
194 192
194 193
194 195
194 195
194 217
194 259
194 260
194 269
194 270
194 271
194 272
195 12
195 13
195 19
195 21
195 22
195 25
195 31
195 41
195 45
195 68
195 71
195 91
195 106
195 120
195 124
195 134
195 135
195 135
195 162
195 183
195 185
195 189
195 190
195 191
195 192
195 193
195 194
195 194
195 217
195 259
195 260
195 269
195 270
195 271
195 272
196 14
196 66
196 72
196 94
196 95
196 138
196 139
196 157
196 158
196 166
196 197
196 198
196 199
196 200
196 201
196 202
196 203
196 204
196 205
197 14
197 66
197 72
197 94
197 95
197 138
197 139
197 157
197 158
197 166
197 196
197 198
197 199
197 200
197 201
197 202
197 203
197 204
197 205
198 14
198 66
198 72
198 94
198 95
198 138
198 139
198 157
198 158
198 166
198 196
198 197
198 199
198 200
198 201
198 202
198 203
198 204
198 205
199 9
199 14
199 16
199 66
199 71
199 72
199 88
199 94
199 95
199 138
199 139
199 157
199 158
199 161
199 166
199 184
199 186
199 196
199 197
199 198
199 200
199 201
199 202
199 203
199 204
199 205
199 223
199 225
199 232
199 233
199 234
199 235
199 236
199 237
199 238
199 239
199 240
200 11
200 13
200 14
200 17
200 29
200 32
200 48
200 64
200 66
200 72
200 94
200 95
200 96
200 111
200 116
200 119
200 138
200 139
200 141
200 155
200 156
200 157
200 158
200 160
200 162
200 166
200 174
200 192
200 193
200 196
200 197
200 198
200 199
200 201
200 202
200 203
200 204
200 205
200 210
200 211
200 213
200 227
200 238
200 248
200 249
200 250
200 251
200 252
200 253
200 254
200 275
200 285
200 286
200 287
200 288
201 5
201 14
201 51
201 57
201 63
201 64
201 66
201 72
201 87
201 93
201 94
201 95
201 106
201 108
201 109
201 125
201 138
201 139
201 154
201 157
201 158
201 166
201 182
201 196
201 197
201 198
201 199
201 200
201 202
201 203
201 204
201 205
201 256
201 260
201 283
201 284
202 14
202 42
202 52
202 53
202 55
202 66
202 72
202 73
202 75
202 86
202 94
202 95
202 97
202 99
202 113
202 118
202 137
202 138
202 139
202 151
202 157
202 158
202 164
202 165
202 166
202 166
202 185
202 191
202 196
202 197
202 198
202 199
202 200
202 201
202 203
202 204
202 205
202 209
202 227
202 238
202 242
202 245
202 264
202 274
202 276
202 286
202 287
202 289
202 290
202 291
202 292
203 6
203 14
203 22
203 24
203 26
203 54
203 66
203 67
203 72
203 77
203 94
203 95
203 105
203 107
203 110
203 138
203 139
203 157
203 158
203 160
203 166
203 170
203 186
203 196
203 197
203 198
203 199
203 200
203 201
203 202
203 204
203 205
203 219
203 250
203 253
203 258
203 296
204 14
204 66
204 72
204 94
204 95
204 138
204 139
204 157
204 158
204 166
204 196
204 197
204 198
204 199
204 200
204 201
204 202
204 203
204 205
205 14
205 23
205 37
205 40
205 53
205 66
205 72
205 76
205 92
205 94
205 95
205 117
205 118
205 121
205 128
205 133
205 138
205 139
205 139
205 139
205 142
205 152
205 157
205 157
205 158
205 158
205 160
205 163
205 164
205 165
205 166
205 174
205 175
205 196
205 197
205 198
205 199
205 200
205 201
205 202
205 203
205 204
205 207
205 214
205 222
205 224
205 226
205 227
205 228
205 229
205 230
205 231
205 238
205 240
205 262
205 263
205 264
205 265
205 266
205 267
205 268
205 290
205 293
205 294
205 295
206 31
206 42
206 68
206 93
206 110
206 146
206 161
206 187
206 207
206 208
206 209
206 210
206 211
206 212
206 213
206 214
206 215
207 31
207 42
207 68
207 93
207 110
207 117
207 118
207 139
207 142
207 146
207 161
207 164
207 165
207 187
207 205
207 206
207 208
207 209
207 210
207 211
207 212
207 213
207 214
207 215
207 222
207 224
207 262
207 263
207 264
207 265
207 266
207 267
207 268
208 3
208 5
208 8
208 31
208 31
208 41
208 42
208 68
208 93
208 98
208 110
208 114
208 133
208 136
208 146
208 155
208 161
208 171
208 173
208 178
208 181
208 187
208 188
208 190
208 191
208 206
208 207
208 209
208 209
208 210
208 211
208 212
208 212
208 213
208 214
208 215
208 219
208 239
208 241
208 242
208 242
208 243
208 244
208 245
208 246
208 247
208 271
208 273
208 274
208 275
208 276
209 8
209 31
209 31
209 41
209 42
209 55
209 68
209 75
209 86
209 93
209 97
209 99
209 110
209 113
209 114
209 118
209 137
209 146
209 151
209 155
209 161
209 166
209 173
209 181
209 187
209 190
209 191
209 202
209 206
209 207
209 208
209 208
209 210
209 211
209 212
209 213
209 214
209 215
209 241
209 242
209 242
209 243
209 244
209 245
209 246
209 247
209 264
209 276
209 286
209 287
209 291
209 292
210 13
210 17
210 31
210 32
210 42
210 48
210 68
210 93
210 110
210 141
210 146
210 156
210 161
210 162
210 187
210 192
210 200
210 206
210 207
210 208
210 209
210 211
210 212
210 213
210 213
210 214
210 215
210 248
210 249
210 250
210 251
210 252
210 253
210 254
211 11
211 11
211 24
211 29
211 31
211 42
211 64
211 68
211 93
211 96
211 110
211 111
211 116
211 119
211 121
211 124
211 144
211 146
211 153
211 155
211 160
211 161
211 174
211 175
211 181
211 187
211 193
211 200
211 206
211 207
211 208
211 209
211 210
211 212
211 213
211 214
211 215
211 216
211 217
211 218
211 219
211 220
211 221
211 222
211 223
211 224
211 225
211 227
211 238
211 275
211 285
211 286
211 287
211 288
212 3
212 5
212 31
212 42
212 68
212 93
212 98
212 110
212 133
212 136
212 146
212 161
212 171
212 178
212 187
212 188
212 206
212 207
212 208
212 208
212 209
212 210
212 211
212 213
212 214
212 215
212 219
212 239
212 242
212 271
212 273
212 274
212 275
212 276
213 13
213 17
213 31
213 32
213 42
213 48
213 68
213 93
213 110
213 141
213 146
213 156
213 161
213 162
213 187
213 192
213 200
213 206
213 207
213 208
213 209
213 210
213 210
213 211
213 212
213 214
213 215
213 248
213 249
213 250
213 251
213 252
213 253
213 254
214 23
214 31
214 42
214 68
214 92
214 93
214 110
214 121
214 128
214 139
214 146
214 161
214 163
214 174
214 187
214 205
214 206
214 207
214 208
214 209
214 210
214 211
214 212
214 213
214 215
214 226
214 227
214 228
214 229
214 230
214 231
215 31
215 42
215 68
215 93
215 110
215 146
215 161
215 187
215 206
215 207
215 208
215 209
215 210
215 211
215 212
215 213
215 214
216 11
216 24
216 121
216 124
216 144
216 153
216 175
216 181
216 211
216 217
216 218
216 219
216 220
216 221
216 222
216 223
216 224
216 225
217 11
217 12
217 22
217 24
217 68
217 106
217 120
217 121
217 124
217 124
217 135
217 144
217 153
217 162
217 175
217 181
217 185
217 194
217 195
217 211
217 216
217 218
217 219
217 220
217 221
217 222
217 223
217 224
217 225
217 259
217 260
217 269
217 270
217 271
217 272
218 11
218 24
218 121
218 124
218 144
218 153
218 175
218 181
218 211
218 216
218 217
218 219
218 220
218 221
218 222
218 223
218 224
218 225
219 3
219 5
219 6
219 11
219 22
219 24
219 24
219 26
219 54
219 67
219 77
219 98
219 105
219 107
219 110
219 121
219 124
219 133
219 136
219 144
219 153
219 160
219 170
219 171
219 175
219 178
219 181
219 186
219 188
219 203
219 208
219 211
219 212
219 216
219 217
219 218
219 220
219 221
219 222
219 223
219 224
219 225
219 239
219 242
219 250
219 253
219 258
219 271
219 273
219 274
219 275
219 276
219 296
220 11
220 15
220 24
220 28
220 51
220 96
220 98
220 120
220 121
220 124
220 144
220 151
220 153
220 153
220 175
220 181
220 211
220 216
220 217
220 218
220 219
220 221
220 222
220 223
220 224
220 225
220 238
220 274
220 276
220 277
220 278
220 279
220 280
220 281
221 11
221 24
221 121
221 124
221 144
221 153
221 175
221 181
221 211
221 216
221 217
221 218
221 219
221 220
221 222
221 223
221 224
221 225
222 11
222 24
222 117
222 118
222 121
222 124
222 139
222 142
222 144
222 153
222 164
222 165
222 175
222 181
222 205
222 207
222 211
222 216
222 217
222 218
222 219
222 220
222 221
222 223
222 224
222 224
222 225
222 262
222 263
222 264
222 265
222 266
222 267
222 268
223 9
223 11
223 16
223 24
223 71
223 88
223 121
223 124
223 144
223 153
223 161
223 175
223 181
223 184
223 186
223 199
223 211
223 216
223 217
223 218
223 219
223 220
223 221
223 222
223 224
223 225
223 225
223 232
223 233
223 234
223 235
223 236
223 237
223 238
223 239
223 240
224 11
224 24
224 117
224 118
224 121
224 124
224 139
224 142
224 144
224 153
224 164
224 165
224 175
224 181
224 205
224 207
224 211
224 216
224 217
224 218
224 219
224 220
224 221
224 222
224 222
224 223
224 225
224 262
224 263
224 264
224 265
224 266
224 267
224 268
225 9
225 11
225 16
225 24
225 71
225 88
225 121
225 124
225 144
225 153
225 161
225 175
225 181
225 184
225 186
225 199
225 211
225 216
225 217
225 218
225 219
225 220
225 221
225 222
225 223
225 223
225 224
225 232
225 233
225 234
225 235
225 236
225 237
225 238
225 239
225 240
226 23
226 92
226 121
226 128
226 139
226 163
226 174
226 205
226 214
226 227
226 228
226 229
226 230
226 231
227 11
227 23
227 29
227 42
227 52
227 53
227 64
227 73
227 92
227 96
227 111
227 116
227 119
227 121
227 128
227 139
227 155
227 160
227 163
227 164
227 165
227 174
227 174
227 185
227 191
227 193
227 200
227 202
227 205
227 211
227 214
227 226
227 228
227 229
227 230
227 231
227 238
227 238
227 245
227 274
227 275
227 285
227 286
227 287
227 288
227 289
227 290
228 23
228 92
228 121
228 128
228 139
228 163
228 174
228 205
228 214
228 226
228 227
228 229
228 230
228 231
229 23
229 25
229 33
229 39
229 55
229 57
229 67
229 92
229 102
229 121
229 128
229 139
229 146
229 158
229 163
229 168
229 174
229 174
229 187
229 205
229 214
229 226
229 227
229 228
229 230
229 231
229 239
229 246
229 251
229 258
229 265
229 272
229 282
230 23
230 92
230 121
230 128
230 139
230 163
230 174
230 205
230 214
230 226
230 227
230 228
230 229
230 231
231 23
231 92
231 121
231 128
231 139
231 163
231 174
231 205
231 214
231 226
231 227
231 228
231 229
231 230
232 9
232 16
232 71
232 88
232 161
232 184
232 186
232 199
232 223
232 225
232 233
232 234
232 235
232 236
232 237
232 238
232 239
232 240
233 9
233 16
233 71
233 88
233 161
233 184
233 186
233 199
233 223
233 225
233 232
233 234
233 235
233 236
233 237
233 238
233 239
233 240
234 9
234 16
234 71
234 88
234 161
234 184
234 186
234 199
234 223
234 225
234 232
234 233
234 235
234 236
234 237
234 238
234 239
234 240
235 9
235 16
235 71
235 88
235 161
235 184
235 186
235 199
235 223
235 225
235 232
235 233
235 234
235 236
235 237
235 238
235 239
235 240
236 9
236 16
236 71
236 88
236 161
236 184
236 186
236 199
236 223
236 225
236 232
236 233
236 234
236 235
236 237
236 238
236 239
236 240
237 9
237 14
237 16
237 26
237 30
237 36
237 58
237 71
237 88
237 95
237 115
237 122
237 123
237 161
237 167
237 184
237 186
237 190
237 199
237 223
237 225
237 232
237 233
237 234
237 235
237 236
237 238
237 239
237 240
237 255
237 256
237 257
237 258
237 259
237 260
237 261
237 262
238 9
238 11
238 15
238 16
238 28
238 29
238 37
238 40
238 42
238 51
238 52
238 53
238 53
238 64
238 71
238 73
238 76
238 88
238 96
238 96
238 98
238 111
238 116
238 119
238 120
238 133
238 151
238 152
238 153
238 155
238 157
238 158
238 160
238 160
238 161
238 164
238 165
238 174
238 175
238 184
238 185
238 186
238 191
238 193
238 199
238 200
238 202
238 205
238 211
238 220
238 223
238 225
238 227
238 227
238 232
238 233
238 234
238 235
238 236
238 237
238 239
238 240
238 240
238 245
238 274
238 274
238 275
238 276
238 277
238 278
238 279
238 280
238 281
238 285
238 286
238 287
238 288
238 289
238 290
238 290
238 293
238 294
238 295
239 3
239 5
239 9
239 16
239 25
239 33
239 39
239 55
239 57
239 67
239 71
239 88
239 98
239 102
239 133
239 136
239 146
239 158
239 161
239 168
239 171
239 174
239 178
239 184
239 186
239 187
239 188
239 199
239 208
239 212
239 219
239 223
239 225
239 229
239 232
239 233
239 234
239 235
239 236
239 237
239 238
239 240
239 242
239 246
239 251
239 258
239 265
239 271
239 272
239 273
239 274
239 275
239 276
239 282
240 9
240 16
240 37
240 40
240 53
240 71
240 76
240 88
240 133
240 152
240 157
240 158
240 160
240 161
240 175
240 184
240 186
240 199
240 205
240 223
240 225
240 232
240 233
240 234
240 235
240 236
240 237
240 238
240 238
240 239
240 290
240 293
240 294
240 295
241 8
241 31
241 41
241 114
241 155
241 173
241 181
241 190
241 191
241 208
241 209
241 242
241 243
241 244
241 245
241 246
241 247
242 3
242 5
242 8
242 31
242 41
242 55
242 75
242 86
242 97
242 98
242 99
242 113
242 114
242 118
242 133
242 136
242 137
242 151
242 155
242 166
242 171
242 173
242 178
242 181
242 188
242 190
242 191
242 202
242 208
242 208
242 209
242 209
242 212
242 219
242 239
242 241
242 243
242 244
242 245
242 246
242 247
242 264
242 271
242 273
242 274
242 275
242 276
242 276
242 286
242 287
242 291
242 292
243 8
243 31
243 41
243 114
243 155
243 173
243 181
243 190
243 191
243 208
243 209
243 241
243 242
243 244
243 245
243 246
243 247
244 8
244 31
244 41
244 114
244 155
244 173
244 181
244 190
244 191
244 208
244 209
244 241
244 242
244 243
244 245
244 246
244 247
245 8
245 31
245 41
245 42
245 52
245 53
245 73
245 114
245 155
245 164
245 165
245 173
245 181
245 185
245 190
245 191
245 191
245 202
245 208
245 209
245 227
245 238
245 241
245 242
245 243
245 244
245 246
245 247
245 274
245 289
245 290
246 8
246 25
246 31
246 33
246 39
246 41
246 55
246 57
246 67
246 102
246 114
246 146
246 155
246 158
246 168
246 173
246 174
246 181
246 187
246 190
246 191
246 208
246 209
246 229
246 239
246 241
246 242
246 243
246 244
246 245
246 247
246 251
246 258
246 265
246 272
246 282
247 8
247 31
247 41
247 114
247 155
247 173
247 181
247 190
247 191
247 208
247 209
247 241
247 242
247 243
247 244
247 245
247 246
248 13
248 17
248 32
248 48
248 141
248 156
248 162
248 192
248 200
248 210
248 213
248 249
248 250
248 251
248 252
248 253
248 254
249 13
249 17
249 32
249 48
249 141
249 156
249 162
249 192
249 200
249 210
249 213
249 248
249 250
249 251
249 252
249 253
249 254
250 6
250 13
250 17
250 22
250 24
250 26
250 32
250 48
250 54
250 67
250 77
250 105
250 107
250 110
250 141
250 156
250 160
250 162
250 170
250 186
250 192
250 200
250 203
250 210
250 213
250 219
250 248
250 249
250 251
250 252
250 253
250 253
250 254
250 258
250 296
251 13
251 17
251 25
251 32
251 33
251 39
251 48
251 55
251 57
251 67
251 102
251 141
251 146
251 156
251 158
251 162
251 168
251 174
251 187
251 192
251 200
251 210
251 213
251 229
251 239
251 246
251 248
251 249
251 250
251 252
251 253
251 254
251 258
251 265
251 272
251 282
252 13
252 17
252 32
252 48
252 141
252 156
252 162
252 192
252 200
252 210
252 213
252 248
252 249
252 250
252 251
252 253
252 254
253 6
253 13
253 17
253 22
253 24
253 26
253 32
253 48
253 54
253 67
253 77
253 105
253 107
253 110
253 141
253 156
253 160
253 162
253 170
253 186
253 192
253 200
253 203
253 210
253 213
253 219
253 248
253 249
253 250
253 250
253 251
253 252
253 254
253 258
253 296
254 13
254 17
254 32
254 48
254 141
254 156
254 162
254 192
254 200
254 210
254 213
254 248
254 249
254 250
254 251
254 252
254 253
255 14
255 26
255 30
255 36
255 58
255 95
255 115
255 122
255 123
255 167
255 190
255 237
255 256
255 257
255 258
255 259
255 260
255 261
255 262
256 5
256 14
256 26
256 30
256 36
256 51
256 57
256 58
256 63
256 64
256 87
256 93
256 95
256 106
256 108
256 109
256 115
256 122
256 123
256 125
256 154
256 167
256 182
256 190
256 201
256 237
256 255
256 257
256 258
256 259
256 260
256 260
256 261
256 262
256 283
256 284
257 14
257 26
257 30
257 36
257 58
257 95
257 115
257 122
257 123
257 167
257 190
257 237
257 255
257 256
257 258
257 259
257 260
257 261
257 262
258 6
258 14
258 22
258 24
258 25
258 26
258 26
258 30
258 33
258 36
258 39
258 54
258 55
258 57
258 58
258 67
258 67
258 77
258 95
258 102
258 105
258 107
258 110
258 115
258 122
258 123
258 146
258 158
258 160
258 167
258 168
258 170
258 174
258 186
258 187
258 190
258 203
258 219
258 229
258 237
258 239
258 246
258 250
258 251
258 253
258 255
258 256
258 257
258 259
258 260
258 261
258 262
258 265
258 272
258 282
258 296
259 12
259 14
259 22
259 26
259 30
259 36
259 58
259 68
259 95
259 106
259 115
259 120
259 122
259 123
259 124
259 135
259 162
259 167
259 185
259 190
259 194
259 195
259 217
259 237
259 255
259 256
259 257
259 258
259 260
259 260
259 261
259 262
259 269
259 270
259 271
259 272
260 5
260 12
260 14
260 22
260 26
260 30
260 36
260 51
260 57
260 58
260 63
260 64
260 68
260 87
260 93
260 95
260 106
260 106
260 108
260 109
260 115
260 120
260 122
260 123
260 124
260 125
260 135
260 154
260 162
260 167
260 182
260 185
260 190
260 194
260 195
260 201
260 217
260 237
260 255
260 256
260 256
260 257
260 258
260 259
260 259
260 261
260 262
260 269
260 270
260 271
260 272
260 283
260 284
261 14
261 26
261 30
261 36
261 58
261 95
261 115
261 122
261 123
261 167
261 190
261 237
261 255
261 256
261 257
261 258
261 259
261 260
261 262
262 14
262 26
262 30
262 36
262 58
262 95
262 115
262 117
262 118
262 122
262 123
262 139
262 142
262 164
262 165
262 167
262 190
262 205
262 207
262 222
262 224
262 237
262 255
262 256
262 257
262 258
262 259
262 260
262 261
262 263
262 264
262 265
262 266
262 267
262 268
263 117
263 118
263 139
263 142
263 164
263 165
263 205
263 207
263 222
263 224
263 262
263 264
263 265
263 266
263 267
263 268
264 55
264 75
264 86
264 97
264 99
264 113
264 117
264 118
264 118
264 137
264 139
264 142
264 151
264 164
264 165
264 166
264 202
264 205
264 207
264 209
264 222
264 224
264 242
264 262
264 263
264 265
264 266
264 267
264 268
264 276
264 286
264 287
264 291
264 292
265 25
265 33
265 39
265 55
265 57
265 67
265 102
265 117
265 118
265 139
265 142
265 146
265 158
265 164
265 165
265 168
265 174
265 187
265 205
265 207
265 222
265 224
265 229
265 239
265 246
265 251
265 258
265 262
265 263
265 264
265 266
265 267
265 268
265 272
265 282
266 117
266 118
266 139
266 142
266 164
266 165
266 205
266 207
266 222
266 224
266 262
266 263
266 264
266 265
266 267
266 268
267 117
267 118
267 139
267 142
267 164
267 165
267 205
267 207
267 222
267 224
267 262
267 263
267 264
267 265
267 266
267 268
268 117
268 118
268 139
268 142
268 164
268 165
268 205
268 207
268 222
268 224
268 262
268 263
268 264
268 265
268 266
268 267
269 12
269 22
269 68
269 106
269 120
269 124
269 135
269 162
269 185
269 194
269 195
269 217
269 259
269 260
269 270
269 271
269 272
270 12
270 22
270 68
270 106
270 120
270 124
270 135
270 162
270 185
270 194
270 195
270 217
270 259
270 260
270 269
270 271
270 272
271 3
271 5
271 12
271 22
271 68
271 98
271 106
271 120
271 124
271 133
271 135
271 136
271 162
271 171
271 178
271 185
271 188
271 194
271 195
271 208
271 212
271 217
271 219
271 239
271 242
271 259
271 260
271 269
271 270
271 272
271 273
271 274
271 275
271 276
272 12
272 22
272 25
272 33
272 39
272 55
272 57
272 67
272 68
272 102
272 106
272 120
272 124
272 135
272 146
272 158
272 162
272 168
272 174
272 185
272 187
272 194
272 195
272 217
272 229
272 239
272 246
272 251
272 258
272 259
272 260
272 265
272 269
272 270
272 271
272 282
273 3
273 5
273 98
273 133
273 136
273 171
273 178
273 188
273 208
273 212
273 219
273 239
273 242
273 271
273 274
273 275
273 276
274 3
274 5
274 15
274 28
274 42
274 51
274 52
274 53
274 73
274 96
274 98
274 98
274 120
274 133
274 136
274 151
274 153
274 164
274 165
274 171
274 178
274 185
274 188
274 191
274 202
274 208
274 212
274 219
274 220
274 227
274 238
274 238
274 239
274 242
274 245
274 271
274 273
274 275
274 276
274 276
274 277
274 278
274 279
274 280
274 281
274 289
274 290
275 3
275 5
275 11
275 29
275 64
275 96
275 98
275 111
275 116
275 119
275 133
275 136
275 155
275 160
275 171
275 174
275 178
275 188
275 193
275 200
275 208
275 211
275 212
275 219
275 227
275 238
275 239
275 242
275 271
275 273
275 274
275 276
275 285
275 286
275 287
275 288
276 3
276 5
276 15
276 28
276 51
276 55
276 75
276 86
276 96
276 97
276 98
276 98
276 99
276 113
276 118
276 120
276 133
276 136
276 137
276 151
276 151
276 153
276 166
276 171
276 178
276 188
276 202
276 208
276 209
276 212
276 219
276 220
276 238
276 239
276 242
276 242
276 264
276 271
276 273
276 274
276 274
276 275
276 277
276 278
276 279
276 280
276 281
276 286
276 287
276 291
276 292
277 15
277 28
277 51
277 96
277 98
277 120
277 151
277 153
277 220
277 238
277 274
277 276
277 278
277 279
277 280
277 281
278 15
278 28
278 51
278 96
278 98
278 120
278 151
278 153
278 220
278 238
278 274
278 276
278 277
278 279
278 280
278 281
279 15
279 28
279 51
279 96
279 98
279 120
279 151
279 153
279 220
279 238
279 274
279 276
279 277
279 278
279 280
279 281
280 15
280 28
280 51
280 96
280 98
280 120
280 151
280 153
280 220
280 238
280 274
280 276
280 277
280 278
280 279
280 281
281 15
281 28
281 51
281 96
281 98
281 120
281 151
281 153
281 220
281 238
281 274
281 276
281 277
281 278
281 279
281 280
282 25
282 33
282 39
282 55
282 57
282 67
282 102
282 146
282 158
282 168
282 174
282 187
282 229
282 239
282 246
282 251
282 258
282 265
282 272
283 5
283 51
283 57
283 63
283 64
283 87
283 93
283 106
283 108
283 109
283 125
283 154
283 182
283 201
283 256
283 260
283 284
284 5
284 51
284 57
284 63
284 64
284 87
284 93
284 106
284 108
284 109
284 125
284 154
284 182
284 201
284 256
284 260
284 283
285 11
285 29
285 64
285 96
285 111
285 116
285 119
285 155
285 160
285 174
285 193
285 200
285 211
285 227
285 238
285 275
285 286
285 287
285 288
286 11
286 29
286 55
286 64
286 75
286 86
286 96
286 97
286 99
286 111
286 113
286 116
286 118
286 119
286 137
286 151
286 155
286 160
286 166
286 174
286 193
286 200
286 202
286 209
286 211
286 227
286 238
286 242
286 264
286 275
286 276
286 285
286 287
286 287
286 288
286 291
286 292
287 11
287 29
287 55
287 64
287 75
287 86
287 96
287 97
287 99
287 111
287 113
287 116
287 118
287 119
287 137
287 151
287 155
287 160
287 166
287 174
287 193
287 200
287 202
287 209
287 211
287 227
287 238
287 242
287 264
287 275
287 276
287 285
287 286
287 286
287 288
287 291
287 292
288 11
288 29
288 64
288 96
288 111
288 116
288 119
288 155
288 160
288 174
288 193
288 200
288 211
288 227
288 238
288 275
288 285
288 286
288 287
289 42
289 52
289 53
289 73
289 164
289 165
289 185
289 191
289 202
289 227
289 238
289 245
289 274
289 290
290 37
290 40
290 42
290 52
290 53
290 53
290 73
290 76
290 133
290 152
290 157
290 158
290 160
290 164
290 165
290 175
290 185
290 191
290 202
290 205
290 227
290 238
290 238
290 240
290 245
290 274
290 289
290 293
290 294
290 295
291 55
291 75
291 86
291 97
291 99
291 113
291 118
291 137
291 151
291 166
291 202
291 209
291 242
291 264
291 276
291 286
291 287
291 292
292 55
292 75
292 86
292 97
292 99
292 113
292 118
292 137
292 151
292 166
292 202
292 209
292 242
292 264
292 276
292 286
292 287
292 291
293 37
293 40
293 53
293 76
293 133
293 152
293 157
293 158
293 160
293 175
293 205
293 238
293 240
293 290
293 294
293 295
294 37
294 40
294 53
294 76
294 133
294 152
294 157
294 158
294 160
294 175
294 205
294 238
294 240
294 290
294 293
294 295
295 37
295 40
295 53
295 76
295 133
295 152
295 157
295 158
295 160
295 175
295 205
295 238
295 240
295 290
295 293
295 294
296 6
296 22
296 24
296 26
296 54
296 67
296 77
296 105
296 107
296 110
296 160
296 170
296 186
296 203
296 219
296 250
296 253
296 258